Valid Product (plt=2.00 pl=0.00 rbc=357.14 time=47.07)
time,substate,Qin,Qrp,Qac,Qcol,Qp,DC,Facb,Hrbc,RPM
0.0667,10025,40.0000,0.0000,5.6995,0.0000,0.0000,0.8000,0.2257,0.6001,2563.7986
0.1333,10025,40.0000,0.0000,5.6848,0.0000,0.0000,0.8000,0.2252,0.6001,2563.7986
0.2000,10025,40.0000,0.0000,5.6701,0.0000,0.0000,0.8000,0.2247,0.6000,2563.7986
0.2667,10025,40.0000,0.0000,5.6555,0.0000,0.0000,0.8000,0.2241,0.6000,2563.7986
0.3333,10025,40.0000,0.0000,5.6410,0.0000,0.0000,0.8000,0.2236,0.6000,2563.7986
0.4000,10026,0.0000,-80.0000,5.8394,0.0000,0.0000,0.8000,0.1214,0.6000,3000.0000
0.4667,10026,0.0000,-80.0000,5.8394,0.0000,0.0000,0.8000,0.1214,0.6000,3000.0000
0.5333,10026,0.0000,-80.0000,5.8394,0.0000,0.0000,0.8000,0.1214,0.6000,3000.0000
0.6000,10026,0.0000,-80.0000,5.8394,0.0000,0.0000,0.8000,0.1214,0.6000,3000.0000
0.6667,10026,0.0000,-80.0000,5.8394,0.0000,0.0000,0.8000,0.1214,0.6000,3000.0000
0.7333,10026,0.0000,-80.0000,5.8394,0.0000,0.0000,0.8000,0.1214,0.6000,3000.0000
0.8000,10027,55.0000,275.0000,7.6196,3.5000,17.5441,0.8000,0.2201,0.6000,3000.0000
0.8667,10027,55.0000,275.0000,7.6005,3.5000,17.5304,0.8000,0.2196,0.6000,3000.0000
0.9333,10027,55.0000,275.0000,7.5815,3.5000,17.5167,0.8000,0.2191,0.6000,3000.0000
1.0000,10027,55.0000,275.0000,7.5625,3.5000,17.5031,0.8000,0.2186,0.6000,3000.0000
1.0667,10028,55.0000,275.0000,7.5436,3.5000,17.4896,0.8000,0.2181,0.6000,3000.0000
1.1333,10028,55.0000,275.0000,7.5249,3.5000,17.4762,0.8000,0.2176,0.6000,3000.0000
1.2000,10028,55.0000,275.0000,7.5062,3.5000,17.4628,0.8000,0.2171,0.6000,3000.0000
1.2667,10028,55.0000,275.0000,7.4876,3.5000,17.4495,0.8000,0.2166,0.6000,3000.0000
1.3333,10028,55.0000,275.0000,7.4691,3.5000,17.4362,0.8000,0.2161,0.6000,3000.0000
1.4000,10028,55.0000,275.0000,7.4507,3.5000,17.4230,0.8000,0.2156,0.6000,3000.0000
1.4667,10028,55.0000,275.0000,7.4324,3.5000,17.4099,0.8000,0.2151,0.6000,3000.0000
1.5333,10028,55.0000,275.0000,7.4142,3.5000,17.3969,0.8000,0.2147,0.6000,3000.0000
1.6000,10028,55.0000,275.0000,7.3961,3.5000,17.3839,0.8000,0.2142,0.6000,3000.0000
1.6667,10028,55.0000,275.0000,7.3780,3.5000,17.3709,0.8000,0.2137,0.6000,3000.0000
1.7333,10028,55.0000,275.0000,7.3601,3.5000,17.3581,0.8000,0.2132,0.6000,3000.0000
1.8000,10028,55.0000,275.0000,7.3422,3.5000,17.3453,0.8000,0.2128,0.6000,3000.0000
1.8667,10028,55.0000,275.0000,7.3245,3.5000,17.3325,0.8000,0.2123,0.6000,3000.0000
1.9333,10028,55.0000,275.0000,7.3068,3.5000,17.3198,0.8000,0.2118,0.6000,3000.0000
2.0000,10028,55.0000,275.0000,7.2892,3.5000,17.3072,0.8000,0.2114,0.6000,3000.0000
2.0667,10028,55.0000,275.0000,7.2716,3.5000,17.2947,0.8000,0.2109,0.6000,3000.0000
2.1333,10028,55.0000,275.0000,7.2542,3.5000,17.2822,0.8000,0.2105,0.6000,3000.0000
2.2000,10029,20.0000,100.0000,2.6316,3.5000,5.7141,0.8000,0.2100,0.6000,1812.8793
2.2667,10029,20.0000,100.0000,2.6253,3.5000,5.7096,0.8000,0.2095,0.6000,1812.8793
2.3333,10029,20.0000,100.0000,2.6190,3.5000,5.7051,0.8000,0.2091,0.6000,1812.8793
2.4000,10029,20.0000,100.0000,2.6128,3.5000,5.7007,0.8000,0.2086,0.6000,1812.8793
2.4667,10029,20.0000,100.0000,2.6066,3.5000,5.6962,0.8000,0.2082,0.6000,1812.8793
2.5333,10029,20.0000,100.0000,2.6005,3.5000,5.6918,0.8000,0.2077,0.6000,1812.8793
2.6000,10029,20.0000,100.0000,2.5943,3.5000,5.6874,0.8000,0.2073,0.6000,1812.8793
2.6667,10029,20.0000,100.0000,2.5882,3.5000,5.6831,0.8000,0.2068,0.6000,1812.8793
2.7333,10029,20.0000,100.0000,2.5822,3.5000,5.6787,0.8000,0.2064,0.6000,1812.8793
2.8000,10029,20.0000,100.0000,2.5761,3.5000,5.6744,0.8000,0.2060,0.6000,1812.8793
2.8667,10029,20.0000,100.0000,2.5701,3.5000,5.6701,0.8000,0.2055,0.6000,1812.8793
2.9333,10029,20.0000,100.0000,2.5641,3.5000,5.6658,0.8000,0.2051,0.6000,1812.8793
3.0000,10029,20.0000,100.0000,2.5581,3.5000,5.6615,0.8000,0.2047,0.6000,1812.8793
3.0667,10029,20.0000,100.0000,2.5522,3.5000,5.6572,0.8000,0.2042,0.6000,1812.8793
3.1333,10029,20.0000,100.0000,2.5463,3.5000,5.6530,0.8000,0.2038,0.6000,1812.8793
3.2000,10029,20.0000,100.0000,2.5404,3.5000,5.6488,0.8000,0.2034,0.6000,1812.8793
3.2667,10029,20.0000,100.0000,2.5346,3.5000,5.6446,0.8000,0.2029,0.6000,1812.8793
3.3333,10029,20.0000,100.0000,2.5287,3.5000,5.6404,0.8000,0.2025,0.6000,1812.8793
3.4000,10029,20.0000,100.0000,2.5229,3.5000,5.6363,0.8000,0.2021,0.6000,1812.8793
3.4667,10029,20.0000,100.0000,2.5172,3.5000,5.6321,0.8000,0.2017,0.6000,1812.8793
3.5333,10029,20.0000,100.0000,2.5114,3.5000,5.6280,0.8000,0.2012,0.6000,1812.8793
3.6000,10029,20.0000,100.0000,2.5057,3.5000,5.6239,0.8000,0.2008,0.6000,1812.8793
3.6667,10029,20.0000,100.0000,2.5000,3.5000,5.6198,0.8000,0.2004,0.6000,1812.8793
3.7333,10029,20.0000,100.0000,2.4943,3.5000,5.6158,0.8000,0.2000,0.6000,1812.8793
3.8000,10029,20.0000,100.0000,2.4887,3.5000,5.6117,0.8000,0.1996,0.6000,1812.8793
3.8667,10029,20.0000,100.0000,2.4831,3.5000,5.6077,0.8000,0.1992,0.6000,1812.8793
3.9333,10029,20.0000,100.0000,2.4775,3.5000,5.6037,0.8000,0.1987,0.6000,1812.8793
4.0000,10029,20.0000,100.0000,2.4719,3.5000,5.5997,0.8000,0.1983,0.6000,1812.8793
4.0667,10029,20.0000,100.0000,2.4664,3.5000,5.5957,0.8000,0.1979,0.6000,1812.8793
4.1333,10029,20.0000,100.0000,2.4609,3.5000,5.5918,0.8000,0.1975,0.6000,1812.8793
4.2000,10029,20.0000,100.0000,2.4554,3.5000,5.5878,0.8000,0.1971,0.6000,1812.8793
4.2667,10029,20.0000,100.0000,2.4499,3.5000,5.5839,0.8000,0.1967,0.6000,1812.8793
4.3333,10029,20.0000,100.0000,2.4444,3.5000,5.5800,0.8000,0.1963,0.6000,1812.8793
4.4000,10029,20.0000,100.0000,2.4390,3.5000,5.5761,0.8000,0.1959,0.6000,1812.8793
4.4667,10029,20.0000,100.0000,2.4336,3.5000,5.5723,0.8000,0.1955,0.6000,1812.8793
4.5333,10029,20.0000,100.0000,2.4283,3.5000,5.5684,0.8000,0.1951,0.6000,1812.8793
4.6000,10029,20.0000,100.0000,2.4229,3.5000,5.5646,0.8000,0.1947,0.6000,1812.8793
4.6667,10029,20.0000,100.0000,2.4176,3.5000,5.5608,0.8000,0.1943,0.6000,1812.8793
4.7333,10030,35.0000,175.0000,4.2215,1.9027,11.0394,0.8000,0.1940,0.6000,2398.2139
4.8000,10030,35.0000,175.0000,4.2123,1.9032,11.0322,0.8000,0.1936,0.6000,2398.2139
4.8667,10030,35.0000,175.0000,4.2031,1.9038,11.0251,0.8000,0.1932,0.6000,2398.2139
4.9333,10030,35.0000,175.0000,4.1939,1.9044,11.0179,0.8000,0.1928,0.6000,2398.2139
5.0000,10030,35.0000,175.0000,4.1848,1.9049,11.0108,0.8000,0.1924,0.6000,2398.2139
5.0667,10030,35.0000,175.0000,4.1757,1.9055,11.0038,0.8000,0.1920,0.6000,2398.2139
5.1333,10030,35.0000,175.0000,4.1667,1.9061,10.9967,0.8000,0.1916,0.6000,2398.2139
5.2000,10030,35.0000,175.0000,4.1577,1.9066,10.9897,0.8000,0.1913,0.6000,2398.2139
5.2667,10030,35.0000,175.0000,4.1487,1.9072,10.9827,0.8000,0.1909,0.6000,2398.2139
5.3333,10030,35.0000,175.0000,4.1398,1.9077,10.9758,0.8000,0.1905,0.6000,2398.2139
5.4000,10030,35.0000,175.0000,4.1309,1.9083,10.9689,0.8000,0.1901,0.6000,2398.2139
5.4667,10030,35.0000,175.0000,4.1221,1.9088,10.9620,0.8000,0.1898,0.6000,2398.2139
5.5333,10030,35.0000,175.0000,4.1132,1.9094,10.9551,0.8000,0.1894,0.6000,2398.2139
5.6000,10031,36.6000,183.0000,4.2921,1.9972,11.4488,0.8000,0.1890,0.6000,2452.4175
5.6667,10031,38.2000,191.0000,4.4702,2.0851,11.9419,0.8000,0.1886,0.6000,2505.4490
5.7333,10031,39.8000,199.0000,4.6476,2.1731,12.4344,0.8000,0.1883,0.6000,2557.3809
5.8000,10031,41.4000,207.0000,4.8242,2.2610,12.9263,0.8000,0.1879,0.6000,2608.2788
5.8667,10031,43.0000,215.0000,5.0000,2.3491,13.4176,0.8000,0.1875,0.6000,2658.2026
5.9333,10031,44.6000,223.0000,5.1751,2.4372,13.9083,0.8000,0.1872,0.6000,2707.2058
6.0000,10031,46.2000,231.0000,5.3495,2.5253,14.3985,0.8000,0.1868,0.6000,2755.3376
6.0667,10031,47.8000,239.0000,5.5231,2.6135,14.8881,0.8000,0.1865,0.6000,2802.6431
6.1333,10031,49.4000,246.9999,5.6960,2.7017,15.3771,0.8000,0.1861,0.6000,2849.1631
6.2000,10031,51.0000,254.9999,5.8682,2.7900,15.8656,0.8000,0.1857,0.6000,2894.9355
6.2667,10031,52.6000,262.9999,6.0397,2.8783,16.3535,0.8000,0.1854,0.6000,2939.9956
6.3333,10031,54.2000,270.9999,6.2104,2.9666,16.8408,0.8000,0.1850,0.6000,2984.3755
6.4000,10031,55.8000,278.9999,6.3805,3.0550,17.3276,0.8000,0.1847,0.6000,3000.0000
6.4667,10031,57.4000,286.9999,6.5498,3.1435,17.8139,0.8000,0.1843,0.6000,3000.0000
6.5333,10031,59.0000,294.9999,6.7184,3.2319,18.2996,0.8000,0.1840,0.6000,3000.0000
6.6000,10031,60.6000,302.9999,6.8864,3.3205,18.7848,0.8000,0.1836,0.6000,3000.0000
6.6667,10031,62.2000,310.9999,7.0536,3.4090,19.2694,0.8000,0.1833,0.6000,3000.0000
6.7333,10031,63.8000,318.9999,7.2202,3.4976,19.7535,0.8000,0.1829,0.6000,3000.0000
6.8000,10031,65.4000,326.9999,7.3860,3.5863,20.2370,0.8000,0.1826,0.6000,3000.0000
6.8667,10031,67.0000,334.9999,7.5512,3.6750,20.7200,0.8000,0.1822,0.6000,3000.0000
6.9333,10031,67.1882,335.9410,7.5570,3.6863,20.7662,0.8000,0.1819,0.6000,3000.0000
7.0000,10032,68.7882,325.0658,7.7211,3.7750,21.2062,0.8000,0.1815,0.5994,3000.0000
7.0667,10032,70.3882,332.6218,7.8846,3.8638,21.6861,0.8000,0.1812,0.5994,3000.0000
7.1333,10032,71.9882,340.1776,8.0475,3.9527,22.1654,0.8000,0.1809,0.5994,3000.0000
7.2000,10032,73.5882,347.7331,8.2096,4.0416,22.6442,0.8000,0.1805,0.5994,3000.0000
7.2667,10032,75.1882,355.2885,8.3712,4.1305,23.1224,0.8000,0.1802,0.5994,3000.0000
7.3333,10032,76.5204,361.5782,8.5023,4.2047,23.5177,0.8000,0.1799,0.5994,3000.0000
7.4000,10032,76.6789,362.3219,8.5027,4.2145,23.5520,0.8000,0.1795,0.5994,3000.0000
7.4667,10032,76.8374,363.0656,8.5031,4.2243,23.5864,0.8000,0.1792,0.5993,3000.0000
7.5333,10032,76.9959,363.8092,8.5036,4.2341,23.6207,0.8000,0.1789,0.5993,3000.0000
7.6000,10032,77.1544,364.5529,8.5040,4.2438,23.6550,0.8000,0.1785,0.5993,3000.0000
7.6667,10032,77.3129,365.2965,8.5044,4.2536,23.6893,0.8000,0.1782,0.5993,3000.0000
7.7333,10032,77.4714,366.0402,8.5048,4.2634,23.7236,0.8000,0.1779,0.5993,3000.0000
7.8000,10032,77.6299,366.7839,8.5053,4.2731,23.7579,0.8000,0.1775,0.5993,3000.0000
7.8667,10032,77.7884,367.5276,8.5057,4.2829,23.7922,0.8000,0.1772,0.5993,3000.0000
7.9333,10032,77.9469,368.2713,8.5061,4.2927,23.8265,0.8000,0.1769,0.5993,3000.0000
8.0000,10032,78.1055,369.0150,8.5065,4.3025,23.8608,0.8000,0.1766,0.5992,3000.0000
8.0667,10032,78.2640,369.7587,8.5070,4.3122,23.8950,0.8000,0.1762,0.5992,3000.0000
8.1333,10032,78.4225,370.5024,8.5074,4.3220,23.9293,0.8000,0.1759,0.5992,3000.0000
8.2000,10032,78.5810,371.2462,8.5078,4.3318,23.9635,0.8000,0.1756,0.5992,3000.0000
8.2667,10032,78.7395,371.9899,8.5082,4.3416,23.9978,0.8000,0.1753,0.5992,3000.0000
8.3333,10032,78.8981,372.7336,8.5086,4.3513,24.0320,0.8000,0.1750,0.5992,3000.0000
8.4000,10032,79.0566,373.4774,8.5090,4.3611,24.0662,0.8000,0.1746,0.5992,3000.0000
8.4667,10032,79.2151,374.2211,8.5094,4.3709,24.1005,0.8000,0.1743,0.5992,3000.0000
8.5333,10032,79.3736,374.9649,8.5098,4.3807,24.1347,0.8000,0.1740,0.5991,3000.0000
8.6000,10032,79.5322,375.7087,8.5103,4.3904,24.1689,0.8000,0.1737,0.5991,3000.0000
8.6667,10032,79.6907,376.4524,8.5107,4.4002,24.2031,0.8000,0.1734,0.5991,3000.0000
8.7333,10032,79.8492,377.1962,8.5111,4.4100,24.2372,0.8000,0.1731,0.5991,3000.0000
8.8000,10032,80.0078,377.9400,8.5115,4.4198,24.2714,0.8000,0.1728,0.5991,3000.0000
8.8667,10032,80.1663,378.6838,8.5119,4.4295,24.3056,0.8000,0.1725,0.5991,3000.0000
8.9333,10032,80.3248,379.4276,8.5123,4.4393,24.3398,0.8000,0.1722,0.5991,3000.0000
9.0000,10032,80.4834,380.1714,8.5127,4.4491,24.3739,0.8000,0.1718,0.5991,3000.0000
9.0667,10032,80.6419,380.9152,8.5131,4.4589,24.4081,0.8000,0.1715,0.5990,3000.0000
9.1333,10032,80.8004,381.6590,8.5135,4.4686,24.4422,0.8000,0.1712,0.5990,3000.0000
9.2000,10032,80.9590,382.4028,8.5139,4.4784,24.4763,0.8000,0.1709,0.5990,3000.0000
9.2667,10032,81.1175,383.1467,8.5142,4.4882,24.5104,0.8000,0.1706,0.5990,3000.0000
9.3333,10032,81.2822,383.8051,8.5153,4.4980,24.5467,0.7999,0.1703,0.5990,3000.0000
9.4000,10032,81.4798,384.0079,8.5198,4.5077,24.5948,0.7996,0.1700,0.5990,3000.0000
9.4667,10032,81.6792,384.1895,8.5244,4.5175,24.6435,0.7992,0.1697,0.5990,3000.0000
9.5333,10032,81.8772,384.3923,8.5289,4.5273,24.6916,0.7988,0.1694,0.5990,3000.0000
9.6000,10032,82.0754,384.5954,8.5334,4.5371,24.7398,0.7984,0.1691,0.5989,3000.0000
9.6667,10032,82.2739,384.7986,8.5379,4.5468,24.7881,0.7980,0.1688,0.5989,3000.0000
9.7333,10032,82.4725,385.0020,8.5423,4.5566,24.8364,0.7976,0.1685,0.5989,3000.0000
9.8000,10032,82.6713,385.2058,8.5468,4.5664,24.8848,0.7972,0.1683,0.5989,3000.0000
9.8667,10032,82.8702,385.4097,8.5513,4.5762,24.9332,0.7969,0.1680,0.5989,3000.0000
9.9333,10032,83.0694,385.6138,8.5558,4.5860,24.9816,0.7965,0.1677,0.5989,3000.0000
10.0000,10032,83.2688,385.8182,8.5603,4.5957,25.0301,0.7961,0.1674,0.5989,3000.0000
10.0667,10032,83.4714,385.9825,8.5652,4.6055,25.0797,0.7957,0.1671,0.5988,3000.0000
10.1333,10032,83.6714,386.1836,8.5697,4.6153,25.1284,0.7953,0.1668,0.5988,3000.0000
10.2000,10032,83.8717,386.3849,8.5742,4.6251,25.1772,0.7949,0.1665,0.5988,3000.0000
10.2667,10032,84.0721,386.5864,8.5788,4.6349,25.2259,0.7945,0.1662,0.5988,3000.0000
10.3333,10032,84.2727,386.7881,8.5833,4.6446,25.2748,0.7941,0.1659,0.5988,3000.0000
10.4000,10032,84.4736,386.9901,8.5879,4.6544,25.3237,0.7937,0.1657,0.5988,3000.0000
10.4667,10032,84.6746,387.1922,8.5924,4.6642,25.3726,0.7934,0.1654,0.5988,3000.0000
10.5333,10033,84.8758,387.3946,8.5970,4.6740,25.4216,0.7930,0.1651,0.5988,3000.0000
10.6000,10033,85.0772,387.5970,8.6016,4.6837,25.4706,0.7926,0.1648,0.5987,3000.0000
10.6667,10033,85.2788,387.7998,8.6061,4.6935,25.5197,0.7922,0.1645,0.5987,3000.0000
10.7333,10033,85.4806,388.0028,8.6107,4.7033,25.5688,0.7918,0.1642,0.5987,3000.0000
10.8000,10033,85.6826,388.2060,8.6153,4.7131,25.6180,0.7914,0.1640,0.5987,3000.0000
10.8667,10033,85.8848,388.4094,8.6198,4.7229,25.6672,0.7910,0.1637,0.5987,3000.0000
10.9333,10033,86.0872,388.6129,8.6244,4.7326,25.7165,0.7907,0.1634,0.5987,3000.0000
11.0000,10033,86.2898,388.8167,8.6290,4.7424,25.7658,0.7903,0.1631,0.5987,3000.0000
11.0667,10033,86.2898,388.8167,8.6290,4.7424,25.7646,0.7903,0.1631,0.5986,3000.0000
11.1333,10033,86.2898,388.8167,8.6290,4.7424,25.7633,0.7903,0.1631,0.5986,3000.0000
11.2000,10033,86.2898,388.8167,8.6290,4.7424,25.7620,0.7903,0.1631,0.5986,3000.0000
11.2667,10033,86.2898,388.8167,8.6290,4.7424,25.7607,0.7903,0.1631,0.5986,3000.0000
11.3333,10033,86.2898,388.8167,8.6290,4.7424,25.7595,0.7903,0.1631,0.5986,3000.0000
11.4000,10033,86.2898,388.8167,8.6290,4.7424,25.7582,0.7903,0.1631,0.5986,3000.0000
11.4667,10033,86.2898,388.8167,8.6290,4.7424,25.7569,0.7903,0.1631,0.5986,3000.0000
11.5333,10033,86.2898,388.8167,8.6290,4.7424,25.7557,0.7903,0.1631,0.5986,3000.0000
11.6000,10033,86.2898,388.8167,8.6290,4.7424,25.7544,0.7903,0.1631,0.5985,3000.0000
11.6667,10033,86.2898,388.8167,8.6290,4.7424,25.7531,0.7903,0.1631,0.5985,3000.0000
11.7333,10033,86.2898,388.8167,8.6290,4.7424,25.7518,0.7903,0.1631,0.5985,3000.0000
11.8000,10033,86.2898,388.8167,8.6290,4.7424,25.7506,0.7903,0.1631,0.5985,3000.0000
11.8667,10033,86.2898,388.8167,8.6290,4.7424,25.7493,0.7903,0.1631,0.5985,3000.0000
11.9333,10033,86.2898,388.8167,8.6290,4.7424,25.7480,0.7903,0.1631,0.5985,3000.0000
12.0000,10033,86.2898,388.8167,8.6290,4.7424,25.7468,0.7903,0.1631,0.5985,3000.0000
12.0667,10033,86.2898,388.8167,8.6290,4.7424,25.7455,0.7903,0.1631,0.5984,3000.0000
12.1333,10033,86.2898,388.8167,8.6290,4.7424,25.7442,0.7903,0.1631,0.5984,3000.0000
12.2000,10033,86.2898,388.8167,8.6290,4.7424,25.7429,0.7903,0.1631,0.5984,3000.0000
12.2667,10033,86.2898,388.8167,8.6290,4.7424,25.7417,0.7903,0.1631,0.5984,3000.0000
12.3333,10033,86.2898,388.8167,8.6290,4.7424,25.7404,0.7903,0.1631,0.5984,3000.0000
12.4000,10033,86.2898,388.8167,8.6290,4.7424,25.7391,0.7903,0.1631,0.5984,3000.0000
12.4667,10033,86.2898,388.8167,8.6290,4.7424,25.7379,0.7903,0.1631,0.5984,3000.0000
12.5333,10033,86.2898,388.8167,8.6290,4.7424,25.7366,0.7903,0.1631,0.5983,3000.0000
12.6000,10033,86.2898,388.8167,8.6290,4.7424,25.7353,0.7903,0.1631,0.5983,3000.0000
12.6667,10033,86.2898,388.8167,8.6290,4.7424,25.7340,0.7903,0.1631,0.5983,3000.0000
12.7333,10033,86.2898,388.8167,8.6290,4.7424,25.7328,0.7903,0.1631,0.5983,3000.0000
12.8000,10033,86.2898,388.8167,8.6290,4.7424,25.7315,0.7903,0.1631,0.5983,3000.0000
12.8667,10033,86.2898,388.8167,8.6290,4.7424,25.7302,0.7903,0.1631,0.5983,3000.0000
12.9333,10033,86.2898,388.8167,8.6290,4.7424,25.7290,0.7903,0.1631,0.5983,3000.0000
13.0000,10033,86.2898,388.8167,8.6290,4.7424,25.7277,0.7903,0.1631,0.5983,3000.0000
13.0667,10033,86.2898,388.8167,8.6290,4.7424,25.7264,0.7903,0.1631,0.5982,3000.0000
13.1333,10033,86.2898,388.8167,8.6290,4.7424,25.7251,0.7903,0.1631,0.5982,3000.0000
13.2000,10033,86.2898,388.8167,8.6290,4.7424,25.7239,0.7903,0.1631,0.5982,3000.0000
13.2667,10033,86.2898,388.8167,8.6290,4.7424,25.7226,0.7903,0.1631,0.5982,3000.0000
13.3333,10033,86.2898,388.8167,8.6290,4.7424,25.7213,0.7903,0.1631,0.5982,3000.0000
13.4000,10033,86.2898,388.8167,8.6290,4.7424,25.7200,0.7903,0.1631,0.5982,3000.0000
13.4667,10033,86.2898,388.8167,8.6290,4.7424,25.7188,0.7903,0.1631,0.5982,3000.0000
13.5333,10033,86.2898,388.8167,8.6290,4.7424,25.7175,0.7903,0.1631,0.5981,3000.0000
13.6000,10033,86.2898,388.8167,8.6290,4.7424,25.7162,0.7903,0.1631,0.5981,3000.0000
13.6667,10033,86.2898,388.8167,8.6290,4.7424,25.7150,0.7903,0.1631,0.5981,3000.0000
13.7333,10033,86.2898,388.8167,8.6290,4.7424,25.7137,0.7903,0.1631,0.5981,3000.0000
13.8000,10033,86.2898,388.8167,8.6290,4.7424,25.7124,0.7903,0.1631,0.5981,3000.0000
13.8667,10033,86.2898,388.8167,8.6290,4.7424,25.7111,0.7903,0.1631,0.5981,3000.0000
13.9333,10033,86.2898,388.8167,8.6290,4.7424,25.7099,0.7903,0.1631,0.5981,3000.0000
14.0000,10033,86.2898,388.8167,8.6290,4.7424,25.7086,0.7903,0.1631,0.5980,3000.0000
14.0667,10033,86.2898,388.8167,8.6290,4.7424,25.7073,0.7903,0.1631,0.5980,3000.0000
14.1333,10033,86.2898,388.8167,8.6290,4.7424,25.7060,0.7903,0.1631,0.5980,3000.0000
14.2000,10033,86.2898,388.8167,8.6290,4.7424,25.7048,0.7903,0.1631,0.5980,3000.0000
14.2667,10033,86.2898,388.8167,8.6290,4.7424,25.7035,0.7903,0.1631,0.5980,3000.0000
14.3333,10033,86.2898,388.8167,8.6290,4.7424,25.7022,0.7903,0.1631,0.5980,3000.0000
14.4000,10033,86.2898,388.8167,8.6290,4.7424,25.7009,0.7903,0.1631,0.5980,3000.0000
14.4667,10033,86.2898,388.8167,8.6290,4.7424,25.6997,0.7903,0.1631,0.5980,3000.0000
14.5333,10033,86.2898,388.8167,8.6290,4.7424,25.6984,0.7903,0.1631,0.5979,3000.0000
14.6000,10033,86.2898,388.8167,8.6290,4.7424,25.6971,0.7903,0.1631,0.5979,3000.0000
14.6667,10033,86.2898,388.8167,8.6290,4.7424,25.6959,0.7903,0.1631,0.5979,3000.0000
14.7333,10033,86.2898,388.8167,8.6290,4.7424,25.6946,0.7903,0.1631,0.5979,3000.0000
14.8000,10033,86.2898,388.8167,8.6290,4.7424,25.6933,0.7903,0.1631,0.5979,3000.0000
14.8667,10033,86.2898,388.8167,8.6290,4.7424,25.6920,0.7903,0.1631,0.5979,3000.0000
14.9333,10033,86.2898,388.8167,8.6290,4.7424,25.6908,0.7903,0.1631,0.5979,3000.0000
15.0000,10033,86.2898,388.8167,8.6290,4.7424,25.6895,0.7903,0.1631,0.5978,3000.0000
15.0667,10033,86.2898,388.8167,8.6290,4.7424,25.6882,0.7903,0.1631,0.5978,3000.0000
15.1333,10033,86.2898,388.8167,8.6290,4.7424,25.6869,0.7903,0.1631,0.5978,3000.0000
15.2000,10033,86.2898,388.8167,8.6290,4.7424,25.6857,0.7903,0.1631,0.5978,3000.0000
15.2667,10033,86.2898,388.8167,8.6290,4.7424,25.6844,0.7903,0.1631,0.5978,3000.0000
15.3333,10033,86.2898,388.8167,8.6290,4.7424,25.6831,0.7903,0.1631,0.5978,3000.0000
15.4000,10033,86.2898,388.8167,8.6290,4.7424,25.6818,0.7903,0.1631,0.5978,3000.0000
15.4667,10033,86.2898,388.8167,8.6290,4.7424,25.6806,0.7903,0.1631,0.5977,3000.0000
15.5333,10033,86.2898,388.8167,8.6290,4.7424,25.6793,0.7903,0.1631,0.5977,3000.0000
15.6000,10033,86.2898,388.8167,8.6290,4.7424,25.6780,0.7903,0.1631,0.5977,3000.0000
15.6667,10033,86.2898,388.8167,8.6290,4.7424,25.6767,0.7903,0.1631,0.5977,3000.0000
15.7333,10033,86.2898,388.8167,8.6290,4.7424,25.6755,0.7903,0.1631,0.5977,3000.0000
15.8000,10033,86.2898,388.8167,8.6290,4.7424,25.6742,0.7903,0.1631,0.5977,3000.0000
15.8667,10033,86.2898,388.8167,8.6290,4.7424,25.6729,0.7903,0.1631,0.5977,3000.0000
15.9333,10033,86.2898,388.8167,8.6290,4.7424,25.6716,0.7903,0.1631,0.5977,3000.0000
16.0000,10033,86.2898,388.8167,8.6290,4.7424,25.6704,0.7903,0.1631,0.5976,3000.0000
16.0667,10033,86.2898,388.8167,8.6290,4.7424,25.6691,0.7903,0.1631,0.5976,3000.0000
16.1333,10033,86.2898,388.8167,8.6290,4.7424,25.6678,0.7903,0.1631,0.5976,3000.0000
16.2000,10033,86.2898,388.8167,8.6290,4.7424,25.6665,0.7903,0.1631,0.5976,3000.0000
16.2667,10033,86.2898,388.8167,8.6290,4.7424,25.6653,0.7903,0.1631,0.5976,3000.0000
16.3333,10033,86.2898,388.8167,8.6290,4.7424,25.6640,0.7903,0.1631,0.5976,3000.0000
16.4000,10033,86.2898,388.8167,8.6290,4.7424,25.6627,0.7903,0.1631,0.5976,3000.0000
16.4667,10033,86.2898,388.8167,8.6290,4.7424,25.6614,0.7903,0.1631,0.5975,3000.0000
16.5333,10033,86.2898,388.8167,8.6290,4.7424,25.6602,0.7903,0.1631,0.5975,3000.0000
16.6000,10033,86.2898,388.8167,8.6290,4.7424,25.6589,0.7903,0.1631,0.5975,3000.0000
16.6667,10033,86.2898,388.8167,8.6290,4.7424,25.6576,0.7903,0.1631,0.5975,3000.0000
16.7333,10033,86.2898,388.8167,8.6290,4.7424,25.6563,0.7903,0.1631,0.5975,3000.0000
16.8000,10033,86.2898,388.8167,8.6290,4.7424,25.6551,0.7903,0.1631,0.5975,3000.0000
16.8667,10033,86.2898,388.8167,8.6290,4.7424,25.6538,0.7903,0.1631,0.5975,3000.0000
16.9333,10033,86.2898,388.8167,8.6290,4.7424,25.6525,0.7903,0.1631,0.5974,3000.0000
17.0000,10033,86.2898,388.8167,8.6290,4.7424,25.6512,0.7903,0.1631,0.5974,3000.0000
17.0667,10033,86.2898,388.8167,8.6290,4.7424,25.6500,0.7903,0.1631,0.5974,3000.0000
17.1333,10033,86.2898,388.8167,8.6290,4.7424,25.6487,0.7903,0.1631,0.5974,3000.0000
17.2000,10033,86.2898,388.8167,8.6290,4.7424,25.6474,0.7903,0.1631,0.5974,3000.0000
17.2667,10033,86.2898,388.8167,8.6290,4.7424,25.6461,0.7903,0.1631,0.5974,3000.0000
17.3333,10033,86.2898,388.8167,8.6290,4.7424,25.6448,0.7903,0.1631,0.5974,3000.0000
17.4000,10033,86.2898,388.8167,8.6290,4.7424,25.6436,0.7903,0.1631,0.5974,3000.0000
17.4667,10033,86.2898,388.8167,8.6290,4.7424,25.6423,0.7903,0.1631,0.5973,3000.0000
17.5333,10033,86.2898,388.8167,8.6290,4.7424,25.6410,0.7903,0.1631,0.5973,3000.0000
17.6000,10033,86.2898,388.8167,8.6290,4.7424,25.6397,0.7903,0.1631,0.5973,3000.0000
17.6667,10033,86.2898,388.8167,8.6290,4.7424,25.6385,0.7903,0.1631,0.5973,3000.0000
17.7333,10033,86.2898,388.8167,8.6290,4.7424,25.6372,0.7903,0.1631,0.5973,3000.0000
17.8000,10033,86.2898,388.8167,8.6290,4.7424,25.6359,0.7903,0.1631,0.5973,3000.0000
17.8667,10033,86.2898,388.8167,8.6290,4.7424,25.6346,0.7903,0.1631,0.5973,3000.0000
17.9333,10033,86.2898,388.8167,8.6290,4.7424,25.6334,0.7903,0.1631,0.5972,3000.0000
18.0000,10033,86.2898,388.8167,8.6290,4.7424,25.6321,0.7903,0.1631,0.5972,3000.0000
18.0667,10033,86.2898,388.8167,8.6290,4.7424,25.6308,0.7903,0.1631,0.5972,3000.0000
18.1333,10033,86.2898,388.8167,8.6290,4.7424,25.6295,0.7903,0.1631,0.5972,3000.0000
18.2000,10033,86.2898,388.8167,8.6290,4.7424,25.6283,0.7903,0.1631,0.5972,3000.0000
18.2667,10033,86.2898,388.8167,8.6290,4.7424,25.6270,0.7903,0.1631,0.5972,3000.0000
18.3334,10033,86.2898,388.8167,8.6290,4.7424,25.6257,0.7903,0.1631,0.5972,3000.0000
18.4000,10033,86.2898,388.8167,8.6290,4.7424,25.6244,0.7903,0.1631,0.5971,3000.0000
18.4667,10033,86.2898,388.8167,8.6290,4.7424,25.6231,0.7903,0.1631,0.5971,3000.0000
18.5334,10033,86.2898,388.8167,8.6290,4.7424,25.6219,0.7903,0.1631,0.5971,3000.0000
18.6000,10033,86.2898,388.8167,8.6290,4.7424,25.6206,0.7903,0.1631,0.5971,3000.0000
18.6667,10033,86.2898,388.8167,8.6290,4.7424,25.6193,0.7903,0.1631,0.5971,3000.0000
18.7334,10033,86.2898,388.8167,8.6290,4.7424,25.6180,0.7903,0.1631,0.5971,3000.0000
18.8000,10033,86.2898,388.8167,8.6290,4.7424,25.6168,0.7903,0.1631,0.5971,3000.0000
18.8667,10033,86.2898,388.8167,8.6290,4.7424,25.6155,0.7903,0.1631,0.5971,3000.0000
18.9334,10033,86.2898,388.8167,8.6290,4.7424,25.6142,0.7903,0.1631,0.5970,3000.0000
19.0000,10033,86.2898,388.8167,8.6290,4.7424,25.6129,0.7903,0.1631,0.5970,3000.0000
19.0667,10033,86.2898,388.8167,8.6290,4.7424,25.6117,0.7903,0.1631,0.5970,3000.0000
19.1334,10033,86.2898,388.8167,8.6290,4.7424,25.6104,0.7903,0.1631,0.5970,3000.0000
19.2000,10033,86.2898,388.8167,8.6290,4.7424,25.6091,0.7903,0.1631,0.5970,3000.0000
19.2667,10033,86.2898,388.8167,8.6290,4.7424,25.6078,0.7903,0.1631,0.5970,3000.0000
19.3334,10033,86.2898,388.8167,8.6290,4.7424,25.6065,0.7903,0.1631,0.5970,3000.0000
19.4000,10033,86.2898,388.8167,8.6290,4.7424,25.6053,0.7903,0.1631,0.5969,3000.0000
19.4667,10033,86.2898,388.8167,8.6290,4.7424,25.6040,0.7903,0.1631,0.5969,3000.0000
19.5334,10033,86.2898,388.8167,8.6290,4.7424,25.6027,0.7903,0.1631,0.5969,3000.0000
19.6000,10033,86.2898,388.8167,8.6290,4.7424,25.6014,0.7903,0.1631,0.5969,3000.0000
19.6667,10033,86.2898,388.8167,8.6290,4.7424,25.6002,0.7903,0.1631,0.5969,3000.0000
19.7334,10033,86.2898,388.8167,8.6290,4.7424,25.5989,0.7903,0.1631,0.5969,3000.0000
19.8000,10033,86.2898,388.8167,8.6290,4.7424,25.5976,0.7903,0.1631,0.5969,3000.0000
19.8667,10033,86.2898,388.8167,8.6290,4.7424,25.5963,0.7903,0.1631,0.5968,3000.0000
19.9334,10033,86.2898,388.8167,8.6290,4.7424,25.5950,0.7903,0.1631,0.5968,3000.0000
20.0000,10033,86.2898,388.8167,8.6290,4.7424,25.5938,0.7903,0.1631,0.5968,3000.0000
20.0667,10033,86.2898,388.8167,8.6290,4.7424,25.5925,0.7903,0.1631,0.5968,3000.0000
20.1334,10033,86.2898,388.8167,8.6290,4.7424,25.5912,0.7903,0.1631,0.5968,3000.0000
20.2000,10033,86.2898,388.8167,8.6290,4.7424,25.5899,0.7903,0.1631,0.5968,3000.0000
20.2667,10033,86.2898,388.8167,8.6290,4.7424,25.5886,0.7903,0.1631,0.5968,3000.0000
20.3334,10033,86.2898,388.8167,8.6290,4.7424,25.5874,0.7903,0.1631,0.5968,3000.0000
20.4000,10033,86.2898,388.8167,8.6290,4.7424,25.5861,0.7903,0.1631,0.5967,3000.0000
20.4667,10033,86.2898,388.8167,8.6290,4.7424,25.5848,0.7903,0.1631,0.5967,3000.0000
20.5334,10033,86.2898,388.8167,8.6290,4.7424,25.5835,0.7903,0.1631,0.5967,3000.0000
20.6000,10033,86.2898,388.8167,8.6290,4.7424,25.5822,0.7903,0.1631,0.5967,3000.0000
20.6667,10033,86.2898,388.8167,8.6290,4.7424,25.5810,0.7903,0.1631,0.5967,3000.0000
20.7334,10033,86.2898,388.8167,8.6290,4.7424,25.5797,0.7903,0.1631,0.5967,3000.0000
20.8001,10033,86.2898,388.8167,8.6290,4.7424,25.5784,0.7903,0.1631,0.5967,3000.0000
20.8667,10033,86.2898,388.8167,8.6290,4.7424,25.5771,0.7903,0.1631,0.5966,3000.0000
20.9334,10033,86.2898,388.8167,8.6290,4.7424,25.5759,0.7903,0.1631,0.5966,3000.0000
21.0001,10033,86.2898,388.8167,8.6290,4.7424,25.5746,0.7903,0.1631,0.5966,3000.0000
21.0667,10033,86.2898,388.8167,8.6290,4.7424,25.5733,0.7903,0.1631,0.5966,3000.0000
21.1334,10033,86.2898,388.8167,8.6290,4.7424,25.5720,0.7903,0.1631,0.5966,3000.0000
21.2001,10033,86.2898,388.8167,8.6290,4.7424,25.5707,0.7903,0.1631,0.5966,3000.0000
21.2667,10033,86.2898,388.8167,8.6290,4.7424,25.5695,0.7903,0.1631,0.5966,3000.0000
21.3334,10033,86.2898,388.8167,8.6290,4.7424,25.5682,0.7903,0.1631,0.5965,3000.0000
21.4001,10033,86.2898,388.8167,8.6290,4.7424,25.5669,0.7903,0.1631,0.5965,3000.0000
21.4667,10033,86.2898,388.8167,8.6290,4.7424,25.5656,0.7903,0.1631,0.5965,3000.0000
21.5334,10033,86.2898,388.8167,8.6290,4.7424,25.5643,0.7903,0.1631,0.5965,3000.0000
21.6001,10033,86.2898,388.8167,8.6290,4.7424,25.5631,0.7903,0.1631,0.5965,3000.0000
21.6667,10033,86.2898,388.8167,8.6290,4.7424,25.5618,0.7903,0.1631,0.5965,3000.0000
21.7334,10033,86.2898,388.8167,8.6290,4.7424,25.5605,0.7903,0.1631,0.5965,3000.0000
21.8001,10033,86.2898,388.8167,8.6290,4.7424,25.5592,0.7903,0.1631,0.5965,3000.0000
21.8667,10033,86.2898,388.8167,8.6290,4.7424,25.5579,0.7903,0.1631,0.5964,3000.0000
21.9334,10033,86.2898,388.8167,8.6290,4.7424,25.5567,0.7903,0.1631,0.5964,3000.0000
22.0001,10033,86.2898,388.8167,8.6290,4.7424,25.5554,0.7903,0.1631,0.5964,3000.0000
22.0667,10033,86.2898,388.8167,8.6290,4.7424,25.5541,0.7903,0.1631,0.5964,3000.0000
22.1334,10033,86.2898,388.8167,8.6290,4.7424,25.5528,0.7903,0.1631,0.5964,3000.0000
22.2001,10033,86.2898,388.8167,8.6290,4.7424,25.5515,0.7903,0.1631,0.5964,3000.0000
22.2667,10033,86.2898,388.8167,8.6290,4.7424,25.5503,0.7903,0.1631,0.5964,3000.0000
22.3334,10033,86.2898,388.8167,8.6290,4.7424,25.5490,0.7903,0.1631,0.5963,3000.0000
22.4001,10033,86.2898,388.8167,8.6290,4.7424,25.5477,0.7903,0.1631,0.5963,3000.0000
22.4667,10033,86.2898,388.8167,8.6290,4.7424,25.5464,0.7903,0.1631,0.5963,3000.0000
22.5334,10033,86.2898,388.8167,8.6290,4.7424,25.5451,0.7903,0.1631,0.5963,3000.0000
22.6001,10033,86.2898,388.8167,8.6290,4.7424,25.5439,0.7903,0.1631,0.5963,3000.0000
22.6667,10033,86.2898,388.8167,8.6290,4.7424,25.5426,0.7903,0.1631,0.5963,3000.0000
22.7334,10033,86.2898,388.8167,8.6290,4.7424,25.5413,0.7903,0.1631,0.5963,3000.0000
22.8001,10033,86.2898,388.8167,8.6290,4.7424,25.5400,0.7903,0.1631,0.5962,3000.0000
22.8667,10033,86.2898,388.8167,8.6290,4.7424,25.5387,0.7903,0.1631,0.5962,3000.0000
22.9334,10033,86.2898,388.8167,8.6290,4.7424,25.5374,0.7903,0.1631,0.5962,3000.0000
23.0001,10033,86.2898,388.8167,8.6290,4.7424,25.5362,0.7903,0.1631,0.5962,3000.0000
23.0667,10033,86.2898,388.8167,8.6290,4.7424,25.5349,0.7903,0.1631,0.5962,3000.0000
23.1334,10033,86.2898,388.8167,8.6290,4.7424,25.5336,0.7903,0.1631,0.5962,3000.0000
23.2001,10033,86.2898,388.8167,8.6290,4.7424,25.5323,0.7903,0.1631,0.5962,3000.0000
23.2668,10033,86.2898,388.8167,8.6290,4.7424,25.5310,0.7903,0.1631,0.5962,3000.0000
23.3334,10033,86.2898,388.8167,8.6290,4.7424,25.5298,0.7903,0.1631,0.5961,3000.0000
23.4001,10033,86.2898,388.8167,8.6290,4.7424,25.5285,0.7903,0.1631,0.5961,3000.0000
23.4668,10033,86.2898,388.8167,8.6290,4.7424,25.5272,0.7903,0.1631,0.5961,3000.0000
23.5334,10033,86.2898,388.8167,8.6290,4.7424,25.5259,0.7903,0.1631,0.5961,3000.0000
23.6001,10033,86.2898,388.8167,8.6290,4.7424,25.5246,0.7903,0.1631,0.5961,3000.0000
23.6668,10033,86.2898,388.8167,8.6290,4.7424,25.5233,0.7903,0.1631,0.5961,3000.0000
23.7334,10033,86.2898,388.8167,8.6290,4.7424,25.5221,0.7903,0.1631,0.5961,3000.0000
23.8001,10033,86.2898,388.8167,8.6290,4.7424,25.5208,0.7903,0.1631,0.5960,3000.0000
23.8668,10033,86.2898,388.8167,8.6290,4.7424,25.5195,0.7903,0.1631,0.5960,3000.0000
23.9334,10033,86.2898,388.8167,8.6290,4.7424,25.5182,0.7903,0.1631,0.5960,3000.0000
24.0001,10033,86.2898,388.8167,8.6290,4.7424,25.5169,0.7903,0.1631,0.5960,3000.0000
24.0668,10033,86.2898,388.8167,8.6290,4.7424,25.5157,0.7903,0.1631,0.5960,3000.0000
24.1334,10033,86.2898,388.8167,8.6290,4.7424,25.5144,0.7903,0.1631,0.5960,3000.0000
24.2001,10033,86.2898,388.8167,8.6290,4.7424,25.5131,0.7903,0.1631,0.5960,3000.0000
24.2668,10033,86.2898,388.8167,8.6290,4.7424,25.5118,0.7903,0.1631,0.5959,3000.0000
24.3334,10033,86.2898,388.8167,8.6290,4.7424,25.5105,0.7903,0.1631,0.5959,3000.0000
24.4001,10033,86.2898,388.8167,8.6290,4.7424,25.5092,0.7903,0.1631,0.5959,3000.0000
24.4668,10033,86.2898,388.8167,8.6290,4.7424,25.5080,0.7903,0.1631,0.5959,3000.0000
24.5334,10033,86.2898,388.8167,8.6290,4.7424,25.5067,0.7903,0.1631,0.5959,3000.0000
24.6001,10033,86.2898,388.8167,8.6290,4.7424,25.5054,0.7903,0.1631,0.5959,3000.0000
24.6668,10033,86.2898,388.8167,8.6290,4.7424,25.5041,0.7903,0.1631,0.5959,3000.0000
24.7334,10033,86.2898,388.8167,8.6290,4.7424,25.5028,0.7903,0.1631,0.5959,3000.0000
24.8001,10033,86.2898,388.8167,8.6290,4.7424,25.5016,0.7903,0.1631,0.5958,3000.0000
24.8668,10033,86.2898,388.8167,8.6290,4.7424,25.5003,0.7903,0.1631,0.5958,3000.0000
24.9334,10033,86.2898,388.8167,8.6290,4.7424,25.4990,0.7903,0.1631,0.5958,3000.0000
25.0001,10033,86.2898,388.8167,8.6290,4.7424,25.4977,0.7903,0.1631,0.5958,3000.0000
25.0668,10033,86.2898,388.8167,8.6290,4.7424,25.4964,0.7903,0.1631,0.5958,3000.0000
25.1334,10033,86.2898,388.8167,8.6290,4.7424,25.4951,0.7903,0.1631,0.5958,3000.0000
25.2001,10033,86.2898,388.8167,8.6290,4.7424,25.4939,0.7903,0.1631,0.5958,3000.0000
25.2668,10033,86.2898,388.8167,8.6290,4.7424,25.4926,0.7903,0.1631,0.5957,3000.0000
25.3334,10033,86.2898,388.8167,8.6290,4.7424,25.4913,0.7903,0.1631,0.5957,3000.0000
25.4001,10033,86.2898,388.8167,8.6290,4.7424,25.4900,0.7903,0.1631,0.5957,3000.0000
25.4668,10033,86.2898,388.8167,8.6290,4.7424,25.4887,0.7903,0.1631,0.5957,3000.0000
25.5334,10033,86.2898,388.8167,8.6290,4.7424,25.4874,0.7903,0.1631,0.5957,3000.0000
25.6001,10033,86.2898,388.8167,8.6290,4.7424,25.4862,0.7903,0.1631,0.5957,3000.0000
25.6668,10033,86.2898,388.8167,8.6290,4.7424,25.4849,0.7903,0.1631,0.5957,3000.0000
25.7334,10033,86.2898,388.8167,8.6290,4.7424,25.4836,0.7903,0.1631,0.5956,3000.0000
25.8001,10035,86.2898,388.8167,8.6290,4.7424,25.4823,0.7903,0.1631,0.5956,3000.0000
25.8668,10035,86.2898,388.8167,8.6290,4.7424,25.4810,0.7903,0.1631,0.5956,3000.0000
25.9335,10035,86.2898,388.8167,8.6290,4.7424,25.4797,0.7903,0.1631,0.5956,3000.0000
26.0001,10035,86.2898,388.8167,8.6290,4.7424,25.4785,0.7903,0.1631,0.5956,3000.0000
26.0668,10035,86.2898,388.8167,8.6290,4.7424,25.4772,0.7903,0.1631,0.5956,3000.0000
26.1335,10035,86.2898,388.8167,8.6290,4.7424,25.4759,0.7903,0.1631,0.5956,3000.0000
26.2001,10035,86.2898,388.8167,8.6290,4.7424,25.4746,0.7903,0.1631,0.5956,3000.0000
26.2668,10035,86.2898,388.8167,8.6290,4.7424,25.4733,0.7903,0.1631,0.5955,3000.0000
26.3335,10035,86.2898,388.8167,8.6290,4.7424,25.4720,0.7903,0.1631,0.5955,3000.0000
26.4001,10035,86.2898,388.8167,8.6290,4.7424,25.4708,0.7903,0.1631,0.5955,3000.0000
26.4668,10035,86.2898,388.8167,8.6290,4.7424,25.4695,0.7903,0.1631,0.5955,3000.0000
26.5335,10035,86.2898,388.8167,8.6290,4.7424,25.4682,0.7903,0.1631,0.5955,3000.0000
26.6001,10036,86.2898,388.8167,8.6290,5.0018,25.2076,0.7903,0.1631,0.5955,3000.0000
26.6668,10036,86.2898,388.8167,8.6290,5.0972,25.1109,0.7903,0.1631,0.5955,3000.0000
26.7335,10036,86.2898,388.8167,8.6290,5.1963,25.0105,0.7903,0.1631,0.5954,3000.0000
26.8001,10036,86.2898,388.8167,8.6290,5.2994,24.9061,0.7903,0.1631,0.5954,3000.0000
26.8668,10036,86.2898,388.8167,8.6290,5.4066,24.7976,0.7903,0.1631,0.5954,3000.0000
26.9335,10036,86.2898,388.8167,8.6290,5.5182,24.6847,0.7903,0.1631,0.5954,3000.0000
27.0001,10036,86.2898,388.8167,8.6290,5.6346,24.5670,0.7903,0.1631,0.5954,3000.0000
27.0668,10036,86.2898,388.8167,8.6290,5.7560,24.4444,0.7903,0.1631,0.5954,3000.0000
27.1335,10036,86.2898,388.8167,8.6290,5.8827,24.3163,0.7903,0.1631,0.5954,3000.0000
27.2001,10036,86.2898,388.8167,8.6290,6.0151,24.1826,0.7903,0.1631,0.5953,3000.0000
27.2668,10036,86.2898,388.8167,8.6290,6.1537,24.0428,0.7903,0.1631,0.5953,3000.0000
27.3335,10036,86.2898,388.8167,8.6290,6.2987,23.8965,0.7903,0.1631,0.5953,3000.0000
27.4001,10036,86.2898,388.8167,8.6290,6.4508,23.7431,0.7903,0.1631,0.5953,3000.0000
27.4668,10036,86.2898,388.8167,8.6290,6.6104,23.5823,0.7903,0.1631,0.5953,3000.0000
27.5335,10036,86.2898,388.8167,8.6290,6.7781,23.4133,0.7903,0.1631,0.5953,3000.0000
27.6001,10036,86.2898,388.8167,8.6290,6.9545,23.2356,0.7903,0.1631,0.5953,3000.0000
27.6668,10036,86.2898,388.8167,8.6290,7.1403,23.0485,0.7903,0.1631,0.5953,3000.0000
27.7335,10036,86.2898,388.8167,8.6290,7.3364,22.8511,0.7903,0.1631,0.5952,3000.0000
27.8001,10036,86.2898,388.8167,8.6290,7.5435,22.6427,0.7903,0.1631,0.5952,3000.0000
27.8668,10036,86.2898,388.8167,8.6290,7.7626,22.4223,0.7903,0.1631,0.5952,3000.0000
27.9335,10036,86.2898,388.8167,8.6290,7.9949,22.1888,0.7903,0.1631,0.5952,3000.0000
28.0001,10036,86.2898,388.8167,8.6290,8.2415,21.9409,0.7903,0.1631,0.5952,3000.0000
28.0668,10036,86.2898,388.8167,8.6290,8.5038,21.6773,0.7903,0.1631,0.5952,3000.0000
28.1335,10036,86.2898,388.8167,8.6290,8.7833,21.3965,0.7903,0.1631,0.5952,3000.0000
28.2001,10036,86.2898,388.8167,8.6290,9.0032,21.1753,0.7903,0.1631,0.5951,3000.0000
28.2668,10036,86.2898,388.8167,8.6290,9.0032,21.1740,0.7903,0.1631,0.5951,3000.0000
28.3335,10036,86.2898,388.8167,8.6290,9.0032,21.1727,0.7903,0.1631,0.5951,3000.0000
28.4002,10036,86.2898,388.8167,8.6290,9.0032,21.1715,0.7903,0.1631,0.5951,3000.0000
28.4668,10036,86.2898,388.8167,8.6290,9.0032,21.1702,0.7903,0.1631,0.5951,3000.0000
28.5335,10036,86.2898,388.8167,8.6290,9.0032,21.1689,0.7903,0.1631,0.5951,3000.0000
28.6002,10036,86.2898,388.8167,8.6290,9.0032,21.1676,0.7903,0.1631,0.5951,3000.0000
28.6668,10036,86.2898,388.8167,8.6290,9.0032,21.1663,0.7903,0.1631,0.5950,3000.0000
28.7335,10036,86.2898,388.8167,8.6290,9.0032,21.1650,0.7903,0.1631,0.5950,3000.0000
28.8002,10036,86.2898,388.8167,8.6290,9.0032,21.1637,0.7903,0.1631,0.5950,3000.0000
28.8668,10036,86.2898,388.8167,8.6290,9.0032,21.1624,0.7903,0.1631,0.5950,3000.0000
28.9335,10036,86.2898,388.8167,8.6290,9.0032,21.1612,0.7903,0.1631,0.5950,3000.0000
29.0002,10036,86.2898,388.8167,8.6290,9.0032,21.1599,0.7903,0.1631,0.5950,3000.0000
29.0668,10036,86.2898,388.8167,8.6290,9.0032,21.1586,0.7903,0.1631,0.5950,3000.0000
29.1335,10036,86.2898,388.8167,8.6290,9.0032,21.1573,0.7903,0.1631,0.5950,3000.0000
29.2002,10036,86.2898,388.8167,8.6290,9.0032,21.1560,0.7903,0.1631,0.5949,3000.0000
29.2668,10036,86.2898,388.8167,8.6290,9.0032,21.1547,0.7903,0.1631,0.5949,3000.0000
29.3335,10036,86.2898,388.8167,8.6290,9.0032,21.1534,0.7903,0.1631,0.5949,3000.0000
29.4002,10036,86.2898,388.8167,8.6290,9.0032,21.1522,0.7903,0.1631,0.5949,3000.0000
29.4668,10036,86.2898,388.8167,8.6290,9.0032,21.1509,0.7903,0.1631,0.5949,3000.0000
29.5335,10036,86.2898,388.8167,8.6290,9.0032,21.1496,0.7903,0.1631,0.5949,3000.0000
29.6002,10036,86.2898,388.8167,8.6290,9.0032,21.1483,0.7903,0.1631,0.5949,3000.0000
29.6668,10036,86.2898,388.8167,8.6290,9.0032,21.1470,0.7903,0.1631,0.5948,3000.0000
29.7335,10036,86.2898,388.8167,8.6290,9.0032,21.1457,0.7903,0.1631,0.5948,3000.0000
29.8002,10036,86.2898,388.8167,8.6290,9.0032,21.1444,0.7903,0.1631,0.5948,3000.0000
29.8668,10036,86.2898,388.8167,8.6290,9.0032,21.1431,0.7903,0.1631,0.5948,3000.0000
29.9335,10036,86.2898,388.8167,8.6290,9.0032,21.1419,0.7903,0.1631,0.5948,3000.0000
30.0002,10036,86.2898,388.8167,8.6290,9.0032,21.1406,0.7903,0.1631,0.5948,3000.0000
30.0668,10036,86.2898,388.8167,8.6290,9.0032,21.1393,0.7903,0.1631,0.5948,3000.0000
30.1335,10036,86.2898,388.8167,8.6290,9.0032,21.1380,0.7903,0.1631,0.5947,3000.0000
30.2002,10036,86.2898,388.8167,8.6290,9.0032,21.1367,0.7903,0.1631,0.5947,3000.0000
30.2668,10036,86.2898,388.8167,8.6290,9.0032,21.1354,0.7903,0.1631,0.5947,3000.0000
30.3335,10036,86.2898,388.8167,8.6290,9.0032,21.1341,0.7903,0.1631,0.5947,3000.0000
30.4002,10036,86.2898,388.8167,8.6290,9.0032,21.1328,0.7903,0.1631,0.5947,3000.0000
30.4668,10036,86.2898,388.8167,8.6290,9.0032,21.1316,0.7903,0.1631,0.5947,3000.0000
30.5335,10036,86.2898,388.8167,8.6290,9.0032,21.1303,0.7903,0.1631,0.5947,3000.0000
30.6002,10036,86.2898,388.8167,8.6290,9.0032,21.1290,0.7903,0.1631,0.5947,3000.0000
30.6668,10036,86.2898,388.8167,8.6290,9.0032,21.1277,0.7903,0.1631,0.5946,3000.0000
30.7335,10036,86.2898,388.8167,8.6290,9.0032,21.1264,0.7903,0.1631,0.5946,3000.0000
30.8002,10036,86.2898,388.8167,8.6290,9.0032,21.1251,0.7903,0.1631,0.5946,3000.0000
30.8669,10036,86.2898,388.8167,8.6290,9.0032,21.1238,0.7903,0.1631,0.5946,3000.0000
30.9335,10036,86.2898,388.8167,8.6290,9.0032,21.1225,0.7903,0.1631,0.5946,3000.0000
31.0002,10036,86.2898,388.8167,8.6290,9.0032,21.1213,0.7903,0.1631,0.5946,3000.0000
31.0669,10036,86.2898,388.8167,8.6290,9.0032,21.1200,0.7903,0.1631,0.5946,3000.0000
31.1335,10036,86.2898,388.8167,8.6290,9.0032,21.1187,0.7903,0.1631,0.5945,3000.0000
31.2002,10036,86.2898,388.8167,8.6290,9.0032,21.1174,0.7903,0.1631,0.5945,3000.0000
31.2669,10036,86.2898,388.8167,8.6290,9.0032,21.1161,0.7903,0.1631,0.5945,3000.0000
31.3335,10036,86.2898,388.8167,8.6290,9.0032,21.1148,0.7903,0.1631,0.5945,3000.0000
31.4002,10036,86.2898,388.8167,8.6290,9.0032,21.1135,0.7903,0.1631,0.5945,3000.0000
31.4669,10036,86.2898,388.8167,8.6290,9.0032,21.1122,0.7903,0.1631,0.5945,3000.0000
31.5335,10036,86.2898,388.8167,8.6290,9.0032,21.1110,0.7903,0.1631,0.5945,3000.0000
31.6002,10036,86.2898,388.8167,8.6290,9.0032,21.1097,0.7903,0.1631,0.5944,3000.0000
31.6669,10036,86.2898,388.8167,8.6290,9.0032,21.1084,0.7903,0.1631,0.5944,3000.0000
31.7335,10036,86.2898,388.8167,8.6290,9.0032,21.1071,0.7903,0.1631,0.5944,3000.0000
31.8002,10036,86.2898,388.8167,8.6290,9.0032,21.1058,0.7903,0.1631,0.5944,3000.0000
31.8669,10036,86.2898,388.8167,8.6290,9.0032,21.1045,0.7903,0.1631,0.5944,3000.0000
31.9335,10036,86.2898,388.8167,8.6290,9.0032,21.1032,0.7903,0.1631,0.5944,3000.0000
32.0002,10036,86.2898,388.8167,8.6290,9.0032,21.1019,0.7903,0.1631,0.5944,3000.0000
32.0669,10036,86.2898,388.8167,8.6290,9.0032,21.1006,0.7903,0.1631,0.5944,3000.0000
32.1335,10036,86.2898,388.8167,8.6290,9.0032,21.0994,0.7903,0.1631,0.5943,3000.0000
32.2002,10036,86.2898,388.8167,8.6290,9.0032,21.0981,0.7903,0.1631,0.5943,3000.0000
32.2669,10036,86.2898,388.8167,8.6290,9.0032,21.0968,0.7903,0.1631,0.5943,3000.0000
32.3335,10036,86.2898,388.8167,8.6290,9.0032,21.0955,0.7903,0.1631,0.5943,3000.0000
32.4002,10036,86.2898,388.8167,8.6290,9.0032,21.0942,0.7903,0.1631,0.5943,3000.0000
32.4669,10036,86.2898,388.8167,8.6290,9.0032,21.0929,0.7903,0.1631,0.5943,3000.0000
32.5335,10036,86.2898,388.8167,8.6290,9.0032,21.0916,0.7903,0.1631,0.5943,3000.0000
32.6002,10036,86.2898,388.8167,8.6290,9.0032,21.0903,0.7903,0.1631,0.5942,3000.0000
32.6669,10036,86.2898,388.8167,8.6290,9.0032,21.0890,0.7903,0.1631,0.5942,3000.0000
32.7335,10036,86.2898,388.8167,8.6290,9.0032,21.0877,0.7903,0.1631,0.5942,3000.0000
32.8002,10056,64.7270,323.6350,5.8843,3.6375,24.9432,0.8000,0.1493,0.7000,3000.0000
32.8669,10056,64.7270,323.6350,5.8843,3.6375,24.9432,0.8000,0.1493,0.7000,3000.0000
32.9335,10056,64.7270,323.6350,5.8843,3.6375,24.9432,0.8000,0.1493,0.7000,3000.0000
33.0002,10056,64.7270,323.6350,5.8843,3.6375,24.9432,0.8000,0.1493,0.7000,3000.0000
33.0668,10056,64.7270,323.6350,5.8843,3.6375,24.9432,0.8000,0.1493,0.7000,3000.0000
33.1335,10056,64.7270,323.6350,5.8843,3.6375,24.9432,0.8000,0.1493,0.7000,3000.0000
33.2002,10056,64.7270,323.6350,5.8843,3.6375,24.9432,0.8000,0.1493,0.7000,3000.0000
33.2668,10056,64.7270,323.6350,5.8843,3.6375,24.9432,0.8000,0.1493,0.7000,3000.0000
33.3335,10056,64.7270,323.6350,5.8843,3.6375,24.9432,0.8000,0.1493,0.7000,3000.0000
33.4002,10056,64.7270,323.6350,5.8843,3.6375,24.9432,0.8000,0.1493,0.7000,3000.0000
33.4668,10056,64.7270,323.6350,5.8843,3.6375,24.9432,0.8000,0.1493,0.7000,3000.0000
33.5335,10056,64.7270,323.6350,5.8843,3.6375,24.9432,0.8000,0.1493,0.7000,3000.0000
33.6002,10056,64.7270,323.6350,5.8843,3.6375,24.9432,0.8000,0.1493,0.7000,3000.0000
33.6668,10056,64.7270,323.6350,5.8843,3.6375,24.9432,0.8000,0.1493,0.7000,3000.0000
33.7335,10056,64.7270,323.6350,5.8843,3.6375,24.9432,0.8000,0.1493,0.7000,3000.0000
33.8002,10056,64.7270,323.6350,5.8843,3.6375,24.9432,0.8000,0.1493,0.7000,3000.0000
33.8668,10056,64.7270,323.6350,5.8843,3.6375,24.9432,0.8000,0.1493,0.7000,3000.0000
33.9335,10056,64.7270,323.6350,5.8843,3.6375,24.9432,0.8000,0.1493,0.7000,3000.0000
34.0002,10056,64.7270,323.6350,5.8843,3.6375,24.9432,0.8000,0.1493,0.7000,3000.0000
34.0668,10056,64.7270,323.6350,5.8843,3.6375,24.9432,0.8000,0.1493,0.7000,3000.0000
34.1335,10056,64.7270,323.6350,5.8843,3.6375,24.9432,0.8000,0.1493,0.7000,3000.0000
34.2002,10056,64.7270,323.6350,5.8843,3.6375,24.9432,0.8000,0.1493,0.7000,3000.0000
34.2668,10056,64.7270,323.6350,5.8843,3.6375,24.9432,0.8000,0.1493,0.7000,3000.0000
34.3335,10056,64.7270,323.6350,5.8843,3.6375,24.9432,0.8000,0.1493,0.7000,3000.0000
34.4002,10056,64.7270,323.6350,5.8843,3.6375,24.9432,0.8000,0.1493,0.7000,3000.0000
34.4668,10056,64.7270,323.6350,5.8843,3.6375,24.9432,0.8000,0.1493,0.7000,3000.0000
34.5335,10056,64.7270,323.6350,5.8843,3.6375,24.9432,0.8000,0.1493,0.7000,3000.0000
34.6002,10056,64.7270,323.6350,5.8843,3.6375,24.9432,0.8000,0.1493,0.7000,3000.0000
34.6668,10056,64.7270,323.6350,5.8843,3.6375,24.9432,0.8000,0.1493,0.7000,3000.0000
34.7335,10037,64.7270,114.3230,5.8843,14.2904,14.2904,0.8000,0.1493,0.7000,3000.0000
34.8002,10037,64.7270,114.3230,5.8843,14.2904,14.2904,0.8000,0.1493,0.7000,3000.0000
34.8668,10037,64.7270,114.3230,5.8843,14.2904,14.2904,0.8000,0.1493,0.7000,3000.0000
34.9335,10037,64.7270,114.3230,5.8843,14.2904,14.2904,0.8000,0.1493,0.7000,3000.0000
35.0002,10037,64.7270,114.3230,5.8843,14.2904,14.2904,0.8000,0.1493,0.7000,3000.0000
35.0668,10037,64.7270,114.3230,5.8843,14.2904,14.2904,0.8000,0.1493,0.7000,3000.0000
35.1335,10037,64.7270,114.3230,5.8843,14.2904,14.2904,0.8000,0.1493,0.7000,3000.0000
35.2001,10037,64.7270,114.3230,5.8843,14.2904,14.2904,0.8000,0.1493,0.7000,3000.0000
35.2668,10037,64.7270,114.3230,5.8843,14.2904,14.2904,0.8000,0.1493,0.7000,3000.0000
35.3335,10037,64.7270,114.3230,5.8843,14.2904,14.2904,0.8000,0.1493,0.7000,3000.0000
35.4001,10037,64.7270,114.3230,5.8843,14.2904,14.2904,0.8000,0.1493,0.7000,3000.0000
35.4668,10037,64.7270,114.3230,5.8843,14.2904,14.2904,0.8000,0.1493,0.7000,3000.0000
35.5335,10037,64.7270,114.3230,5.8843,14.2904,14.2904,0.8000,0.1493,0.7000,3000.0000
35.6001,10037,64.7270,114.3230,5.8843,14.2904,14.2904,0.8000,0.1493,0.7000,3000.0000
35.6668,10037,64.7270,114.3230,5.8843,14.2904,14.2904,0.8000,0.1493,0.7000,3000.0000
35.7335,10037,64.7270,114.3230,5.8843,14.2904,14.2904,0.8000,0.1493,0.7000,3000.0000
35.8001,10037,64.7270,114.3230,5.8843,14.2904,14.2904,0.8000,0.1493,0.7000,3000.0000
35.8668,10037,64.7270,114.3230,5.8843,14.2904,14.2904,0.8000,0.1493,0.7000,3000.0000
35.9335,10037,64.7270,114.3230,5.8843,14.2904,14.2904,0.8000,0.1493,0.7000,3000.0000
36.0001,10037,64.7270,114.3230,5.8843,14.2904,14.2904,0.8000,0.1493,0.7000,3000.0000
36.0668,10037,64.7270,114.3230,5.8843,14.2904,14.2904,0.8000,0.1493,0.7000,3000.0000
36.1335,10037,64.7270,114.3230,5.8843,14.2904,14.2904,0.8000,0.1493,0.7000,3000.0000
36.2001,10037,64.7270,114.3230,5.8843,14.2904,14.2904,0.8000,0.1493,0.7000,3000.0000
36.2668,10037,64.7270,114.3230,5.8843,14.2904,14.2904,0.8000,0.1493,0.7000,3000.0000
36.3335,10037,64.7270,114.3230,5.8843,14.2904,14.2904,0.8000,0.1493,0.7000,3000.0000
36.4001,10037,64.7270,114.3230,5.8843,14.2904,14.2904,0.8000,0.1493,0.7000,3000.0000
36.4668,10037,64.7270,114.3230,5.8843,14.2904,14.2904,0.8000,0.1493,0.7000,3000.0000
36.5335,10037,64.7270,114.3230,5.8843,14.2904,14.2904,0.8000,0.1493,0.7000,3000.0000
36.6001,10037,64.7270,114.3230,5.8843,14.2904,14.2904,0.8000,0.1493,0.7000,3000.0000
36.6668,10037,64.7270,114.3230,5.8843,14.2904,14.2904,0.8000,0.1493,0.7000,3000.0000
36.7335,10037,64.7270,114.3230,5.8843,14.2904,14.2904,0.8000,0.1493,0.7000,3000.0000
36.8001,10037,64.7270,114.3230,5.8843,14.2904,14.2904,0.8000,0.1493,0.7000,3000.0000
36.8668,10037,64.7270,114.3230,5.8843,14.2904,14.2904,0.8000,0.1493,0.7000,3000.0000
36.9335,10037,64.7270,114.3230,5.8843,14.2904,14.2904,0.8000,0.1493,0.7000,3000.0000
37.0001,10037,64.7270,114.3230,5.8843,14.2904,14.2904,0.8000,0.1493,0.7000,3000.0000
37.0668,10037,64.7270,114.3230,5.8843,14.2904,14.2904,0.8000,0.1493,0.7000,3000.0000
37.1335,10037,64.7270,114.3230,5.8843,14.2904,14.2904,0.8000,0.1493,0.7000,3000.0000
37.2001,10037,64.7270,114.3230,5.8843,14.2904,14.2904,0.8000,0.1493,0.7000,3000.0000
37.2668,10037,64.7270,114.3230,5.8843,14.2904,14.2904,0.8000,0.1493,0.7000,3000.0000
37.3335,10037,64.7270,114.3230,5.8843,14.2904,14.2904,0.8000,0.1493,0.7000,3000.0000
37.4001,10037,64.7270,114.3230,5.8843,14.2904,14.2904,0.8000,0.1493,0.7000,3000.0000
37.4668,10037,64.7270,114.3230,5.8843,14.2904,14.2904,0.8000,0.1493,0.7000,3000.0000
37.5334,10037,64.7270,114.3230,5.8843,14.2904,14.2904,0.8000,0.1493,0.7000,3000.0000
37.6001,10037,64.7270,114.3230,5.8843,14.2904,14.2904,0.8000,0.1493,0.7000,3000.0000
37.6668,10037,64.7270,114.3230,5.8843,14.2904,14.2904,0.8000,0.1493,0.7000,3000.0000
37.7334,10037,64.7270,114.3230,5.8843,14.2904,14.2904,0.8000,0.1493,0.7000,3000.0000
37.8001,10037,64.7270,114.3230,5.8843,14.2904,14.2904,0.8000,0.1493,0.7000,3000.0000
37.8668,10037,64.7270,114.3230,5.8843,14.2904,14.2904,0.8000,0.1493,0.7000,3000.0000
37.9334,10037,64.7270,114.3230,5.8843,14.2904,14.2904,0.8000,0.1493,0.7000,3000.0000
38.0001,10037,64.7270,114.3230,5.8843,14.2904,14.2904,0.8000,0.1493,0.7000,3000.0000
38.0668,10037,64.7270,114.3230,5.8843,14.2904,14.2904,0.8000,0.1493,0.7000,3000.0000
38.1334,10037,64.7270,114.3230,5.8843,14.2904,14.2904,0.8000,0.1493,0.7000,3000.0000
38.2001,10037,64.7270,114.3230,5.8843,14.2904,14.2904,0.8000,0.1493,0.7000,3000.0000
38.2668,10037,64.7270,114.3230,5.8843,14.2904,14.2904,0.8000,0.1493,0.7000,3000.0000
38.3334,10037,64.7270,114.3230,5.8843,14.2904,14.2904,0.8000,0.1493,0.7000,3000.0000
38.4001,10037,64.7270,114.3230,5.8843,14.2904,14.2904,0.8000,0.1493,0.7000,3000.0000
38.4668,10037,64.7270,114.3230,5.8843,14.2904,14.2904,0.8000,0.1493,0.7000,3000.0000
38.5334,10037,64.7270,114.3230,5.8843,14.2904,14.2904,0.8000,0.1493,0.7000,3000.0000
38.6001,10037,64.7270,114.3230,5.8843,14.2904,14.2904,0.8000,0.1493,0.7000,3000.0000
38.6668,10037,64.7270,114.3230,5.8843,14.2904,14.2904,0.8000,0.1493,0.7000,3000.0000
38.7334,10037,64.7270,114.3230,5.8843,14.2904,14.2904,0.8000,0.1493,0.7000,3000.0000
38.8001,10037,64.7270,114.3230,5.8843,14.2904,14.2904,0.8000,0.1493,0.7000,3000.0000
38.8668,10037,64.7270,114.3230,5.8843,14.2904,14.2904,0.8000,0.1493,0.7000,3000.0000
38.9334,10037,64.7270,114.3230,5.8843,14.2904,14.2904,0.8000,0.1493,0.7000,3000.0000
39.0001,10037,64.7270,114.3230,5.8843,14.2904,14.2904,0.8000,0.1493,0.7000,3000.0000
39.0668,10037,64.7270,114.3230,5.8843,14.2904,14.2904,0.8000,0.1493,0.7000,3000.0000
39.1334,10037,64.7270,114.3230,5.8843,14.2904,14.2904,0.8000,0.1493,0.7000,3000.0000
39.2001,10037,64.7270,114.3230,5.8843,14.2904,14.2904,0.8000,0.1493,0.7000,3000.0000
39.2668,10037,64.7270,114.3230,5.8843,14.2904,14.2904,0.8000,0.1493,0.7000,3000.0000
39.3334,10037,64.7270,114.3230,5.8843,14.2904,14.2904,0.8000,0.1493,0.7000,3000.0000
39.4001,10037,64.7270,114.3230,5.8843,14.2904,14.2904,0.8000,0.1493,0.7000,3000.0000
39.4668,10037,64.7270,114.3230,5.8843,14.2904,14.2904,0.8000,0.1493,0.7000,3000.0000
39.5334,10037,64.7270,114.3230,5.8843,14.2904,14.2904,0.8000,0.1493,0.7000,3000.0000
39.6001,10037,64.7270,114.3230,5.8843,14.2904,14.2904,0.8000,0.1493,0.7000,3000.0000
39.6667,10037,64.7270,114.3230,5.8843,14.2904,14.2904,0.8000,0.1493,0.7000,3000.0000
39.7334,10037,64.7270,114.3230,5.8843,14.2904,14.2904,0.8000,0.1493,0.7000,3000.0000
39.8001,10037,64.7270,114.3230,5.8843,14.2904,14.2904,0.8000,0.1493,0.7000,3000.0000
39.8667,10037,64.7270,114.3230,5.8843,14.2904,14.2904,0.8000,0.1493,0.7000,3000.0000
39.9334,10037,64.7270,114.3230,5.8843,14.2904,14.2904,0.8000,0.1493,0.7000,3000.0000
40.0001,10037,64.7270,114.3230,5.8843,14.2904,14.2904,0.8000,0.1493,0.7000,3000.0000
40.0667,10037,64.7270,114.3230,5.8843,14.2904,14.2904,0.8000,0.1493,0.7000,3000.0000
40.1334,10037,64.7270,114.3230,5.8843,14.2904,14.2904,0.8000,0.1493,0.7000,3000.0000
40.2001,10037,64.7270,114.3230,5.8843,14.2904,14.2904,0.8000,0.1493,0.7000,3000.0000
40.2667,10037,64.7270,114.3230,5.8843,14.2904,14.2904,0.8000,0.1493,0.7000,3000.0000
40.3334,10037,64.7270,114.3230,5.8843,14.2904,14.2904,0.8000,0.1493,0.7000,3000.0000
40.4001,10037,64.7270,114.3230,5.8843,14.2904,14.2904,0.8000,0.1493,0.7000,3000.0000
40.4667,10037,64.7270,114.3230,5.8843,14.2904,14.2904,0.8000,0.1493,0.7000,3000.0000
40.5334,10037,64.7270,114.3230,5.8843,14.2904,14.2904,0.8000,0.1493,0.7000,3000.0000
40.6001,10037,64.7270,114.3230,5.8843,14.2904,14.2904,0.8000,0.1493,0.7000,3000.0000
40.6667,10037,64.7270,114.3230,5.8843,14.2904,14.2904,0.8000,0.1493,0.7000,3000.0000
40.7334,10037,64.7270,114.3230,5.8843,14.2904,14.2904,0.8000,0.1493,0.7000,3000.0000
40.8001,10037,64.7270,114.3230,5.8843,14.2904,14.2904,0.8000,0.1493,0.7000,3000.0000
40.8667,10037,64.7270,114.3230,5.8843,14.2904,14.2904,0.8000,0.1493,0.7000,3000.0000
40.9334,10037,64.7270,114.3230,5.8843,14.2904,14.2904,0.8000,0.1493,0.7000,3000.0000
41.0001,10037,64.7270,114.3230,5.8843,14.2904,14.2904,0.8000,0.1493,0.7000,3000.0000
41.0667,10037,64.7270,114.3230,5.8843,14.2904,14.2904,0.8000,0.1493,0.7000,3000.0000
41.1334,10037,64.7270,114.3230,5.8843,14.2904,14.2904,0.8000,0.1493,0.7000,3000.0000
41.2001,10037,64.7270,114.3230,5.8843,14.2904,14.2904,0.8000,0.1493,0.7000,3000.0000
41.2667,10037,64.7270,114.3230,5.8843,14.2904,14.2904,0.8000,0.1493,0.7000,3000.0000
41.3334,10037,64.7270,114.3230,5.8843,14.2904,14.2904,0.8000,0.1493,0.7000,3000.0000
41.4001,10037,64.7270,114.3230,5.8843,14.2904,14.2904,0.8000,0.1493,0.7000,3000.0000
41.4667,10037,64.7270,114.3230,5.8843,14.2904,14.2904,0.8000,0.1493,0.7000,3000.0000
41.5334,10037,64.7270,114.3230,5.8843,14.2904,14.2904,0.8000,0.1493,0.7000,3000.0000
41.6001,10037,64.7270,114.3230,5.8843,14.2904,14.2904,0.8000,0.1493,0.7000,3000.0000
41.6667,10037,64.7270,114.3230,5.8843,14.2904,14.2904,0.8000,0.1493,0.7000,3000.0000
41.7334,10037,64.7270,114.3230,5.8843,14.2904,14.2904,0.8000,0.1493,0.7000,3000.0000
41.8000,10037,64.7270,114.3230,5.8843,14.2904,14.2904,0.8000,0.1493,0.7000,3000.0000
41.8667,10037,64.7270,114.3230,5.8843,14.2904,14.2904,0.8000,0.1493,0.7000,3000.0000
41.9334,10037,64.7270,114.3230,5.8843,14.2904,14.2904,0.8000,0.1493,0.7000,3000.0000
42.0000,10037,64.7270,114.3230,5.8843,14.2904,14.2904,0.8000,0.1493,0.7000,3000.0000
42.0667,10037,64.7270,114.3230,5.8843,14.2904,14.2904,0.8000,0.1493,0.7000,3000.0000
42.1334,10037,64.7270,114.3230,5.8843,14.2904,14.2904,0.8000,0.1493,0.7000,3000.0000
42.2000,10037,64.7270,114.3230,5.8843,14.2904,14.2904,0.8000,0.1493,0.7000,3000.0000
42.2667,10037,64.7270,114.3230,5.8843,14.2904,14.2904,0.8000,0.1493,0.7000,3000.0000
42.3334,10037,64.7270,114.3230,5.8843,14.2904,14.2904,0.8000,0.1493,0.7000,3000.0000
42.4000,10037,64.7270,114.3230,5.8843,14.2904,14.2904,0.8000,0.1493,0.7000,3000.0000
42.4667,10037,64.7270,114.3230,5.8843,14.2904,14.2904,0.8000,0.1493,0.7000,3000.0000
42.5334,10037,64.7270,114.3230,5.8843,14.2904,14.2904,0.8000,0.1493,0.7000,3000.0000
42.6000,10037,64.7270,114.3230,5.8843,14.2904,14.2904,0.8000,0.1493,0.7000,3000.0000
42.6667,10037,64.7270,114.3230,5.8843,14.2904,14.2904,0.8000,0.1493,0.7000,3000.0000
42.7334,10037,64.7270,114.3230,5.8843,14.2904,14.2904,0.8000,0.1493,0.7000,3000.0000
42.8000,10037,64.7270,114.3230,5.8843,14.2904,14.2904,0.8000,0.1493,0.7000,3000.0000
42.8667,10037,64.7270,114.3230,5.8843,14.2904,14.2904,0.8000,0.1493,0.7000,3000.0000
42.9334,10037,64.7270,114.3230,5.8843,14.2904,14.2904,0.8000,0.1493,0.7000,3000.0000
43.0000,10037,64.7270,114.3230,5.8843,14.2904,14.2904,0.8000,0.1493,0.7000,3000.0000
43.0667,10037,64.7270,114.3230,5.8843,14.2904,14.2904,0.8000,0.1493,0.7000,3000.0000
43.1334,10037,64.7270,114.3230,5.8843,14.2904,14.2904,0.8000,0.1493,0.7000,3000.0000
43.2000,10037,64.7270,114.3230,5.8843,14.2904,14.2904,0.8000,0.1493,0.7000,3000.0000
43.2667,10037,64.7270,114.3230,5.8843,14.2904,14.2904,0.8000,0.1493,0.7000,3000.0000
43.3334,10037,64.7270,114.3230,5.8843,14.2904,14.2904,0.8000,0.1493,0.7000,3000.0000
43.4000,10037,64.7270,114.3230,5.8843,14.2904,14.2904,0.8000,0.1493,0.7000,3000.0000
43.4667,10037,64.7270,114.3230,5.8843,14.2904,14.2904,0.8000,0.1493,0.7000,3000.0000
43.5334,10037,64.7270,114.3230,5.8843,14.2904,14.2904,0.8000,0.1493,0.7000,3000.0000
43.6000,10037,64.7270,114.3230,5.8843,14.2904,14.2904,0.8000,0.1493,0.7000,3000.0000
43.6667,10037,64.7270,114.3230,5.8843,14.2904,14.2904,0.8000,0.1493,0.7000,3000.0000
43.7334,10037,64.7270,114.3230,5.8843,14.2904,14.2904,0.8000,0.1493,0.7000,3000.0000
43.8000,10037,64.7270,114.3230,5.8843,14.2904,14.2904,0.8000,0.1493,0.7000,3000.0000
43.8667,10037,64.7270,114.3230,5.8843,14.2904,14.2904,0.8000,0.1493,0.7000,3000.0000
43.9333,10037,64.7270,114.3230,5.8843,14.2904,14.2904,0.8000,0.1493,0.7000,3000.0000
44.0000,10037,64.7270,114.3230,5.8843,14.2904,14.2904,0.8000,0.1493,0.7000,3000.0000
44.0667,10037,64.7270,114.3230,5.8843,14.2904,14.2904,0.8000,0.1493,0.7000,3000.0000
44.1333,10037,64.7270,114.3230,5.8843,14.2904,14.2904,0.8000,0.1493,0.7000,3000.0000
44.2000,10037,64.7270,114.3230,5.8843,14.2904,14.2904,0.8000,0.1493,0.7000,3000.0000
44.2667,10037,64.7270,114.3230,5.8843,14.2904,14.2904,0.8000,0.1493,0.7000,3000.0000
44.3333,10037,64.7270,114.3230,5.8843,14.2904,14.2904,0.8000,0.1493,0.7000,3000.0000
44.4000,10037,64.7270,114.3230,5.8843,14.2904,14.2904,0.8000,0.1493,0.7000,3000.0000
44.4667,10037,64.7270,114.3230,5.8843,14.2904,14.2904,0.8000,0.1493,0.7000,3000.0000
44.5333,10037,64.7270,114.3230,5.8843,14.2904,14.2904,0.8000,0.1493,0.7000,3000.0000
44.6000,10037,64.7270,114.3230,5.8843,14.2904,14.2904,0.8000,0.1493,0.7000,3000.0000
44.6667,10037,64.7270,114.3230,5.8843,14.2904,14.2904,0.8000,0.1493,0.7000,3000.0000
44.7333,10037,64.7270,114.3230,5.8843,14.2904,14.2904,0.8000,0.1493,0.7000,3000.0000
44.8000,10037,64.7270,114.3230,5.8843,14.2904,14.2904,0.8000,0.1493,0.7000,3000.0000
44.8667,10037,64.7270,114.3230,5.8843,14.2904,14.2904,0.8000,0.1493,0.7000,3000.0000
44.9333,10037,64.7270,114.3230,5.8843,14.2904,14.2904,0.8000,0.1493,0.7000,3000.0000
45.0000,10037,64.7270,114.3230,5.8843,14.2904,14.2904,0.8000,0.1493,0.7000,3000.0000
45.0667,10037,64.7270,114.3230,5.8843,14.2904,14.2904,0.8000,0.1493,0.7000,3000.0000
45.1333,10037,64.7270,114.3230,5.8843,14.2904,14.2904,0.8000,0.1493,0.7000,3000.0000
45.2000,10037,64.7270,114.3230,5.8843,14.2904,14.2904,0.8000,0.1493,0.7000,3000.0000
45.2667,10037,64.7270,114.3230,5.8843,14.2904,14.2904,0.8000,0.1493,0.7000,3000.0000
45.3333,10037,64.7270,114.3230,5.8843,14.2904,14.2904,0.8000,0.1493,0.7000,3000.0000
45.4000,10037,64.7270,114.3230,5.8843,14.2904,14.2904,0.8000,0.1493,0.7000,3000.0000
45.4667,10037,64.7270,114.3230,5.8843,14.2904,14.2904,0.8000,0.1493,0.7000,3000.0000
45.5333,10037,64.7270,114.3230,5.8843,14.2904,14.2904,0.8000,0.1493,0.7000,3000.0000
45.6000,10037,64.7270,114.3230,5.8843,14.2904,14.2904,0.8000,0.1493,0.7000,3000.0000
45.6667,10037,64.7270,114.3230,5.8843,14.2904,14.2904,0.8000,0.1493,0.7000,3000.0000
45.7333,10037,64.7270,114.3230,5.8843,14.2904,14.2904,0.8000,0.1493,0.7000,3000.0000
45.8000,10037,64.7270,114.3230,5.8843,14.2904,14.2904,0.8000,0.1493,0.7000,3000.0000
45.8667,10037,64.7270,114.3230,5.8843,14.2904,14.2904,0.8000,0.1493,0.7000,3000.0000
45.9333,10037,64.7270,114.3230,5.8843,14.2904,14.2904,0.8000,0.1493,0.7000,3000.0000
46.0000,10037,64.7270,114.3230,5.8843,14.2904,14.2904,0.8000,0.1493,0.7000,3000.0000
46.0667,10037,64.7270,114.3230,5.8843,14.2904,14.2904,0.8000,0.1493,0.7000,3000.0000
46.1333,10037,64.7270,114.3230,5.8843,14.2904,14.2904,0.8000,0.1493,0.7000,3000.0000
46.2000,10037,64.7270,114.3230,5.8843,14.2904,14.2904,0.8000,0.1493,0.7000,3000.0000
46.2666,10037,64.7270,114.3230,5.8843,14.2904,14.2904,0.8000,0.1493,0.7000,3000.0000
46.3333,10037,64.7270,114.3230,5.8843,14.2904,14.2904,0.8000,0.1493,0.7000,3000.0000
46.4000,10037,64.7270,114.3230,5.8843,14.2904,14.2904,0.8000,0.1493,0.7000,3000.0000
46.4666,10037,64.7270,114.3230,5.8843,14.2904,14.2904,0.8000,0.1493,0.7000,3000.0000
46.5333,10037,64.7270,114.3230,5.8843,14.2904,14.2904,0.8000,0.1493,0.7000,3000.0000
46.6000,10037,64.7270,114.3230,5.8843,14.2904,14.2904,0.8000,0.1493,0.7000,3000.0000
46.6666,10037,64.7270,114.3230,5.8843,14.2904,14.2904,0.8000,0.1493,0.7000,3000.0000
46.7333,10037,64.7270,114.3230,5.8843,14.2904,14.2904,0.8000,0.1493,0.7000,3000.0000
46.8000,10037,64.7270,114.3230,5.8843,14.2904,14.2904,0.8000,0.1493,0.7000,3000.0000
46.8666,10037,64.7270,114.3230,5.8843,14.2904,14.2904,0.8000,0.1493,0.7000,3000.0000
46.9333,10037,64.7270,114.3230,5.8843,14.2904,14.2904,0.8000,0.1493,0.7000,3000.0000
47.0000,10037,64.7270,114.3230,5.8843,14.2904,14.2904,0.8000,0.1493,0.7000,3000.0000
47.0666,10037,64.7270,114.3230,5.8843,14.2904,14.2904,0.8000,0.1493,0.7000,3000.0000
