current vp 0
1.50564 0 0.467429
1.50268 29.1305 0.468915
1.49975 57.9943 0.470394
1.49685 86.5943 0.471866
1.49398 114.934 0.473331
1.49115 143.015 0.474788
1.48835 170.841 0.476238
1.48558 198.416 0.477681
1.48284 225.741 0.479116
1.48013 252.819 0.480543
1.47745 279.653 0.481963
1.4748 306.247 0.483376
1.47218 332.602 0.48478
1.46959 358.721 0.486178
1.46703 384.607 0.487567
1.4645 410.262 0.488949
1.46199 435.69 0.490324
1.45952 460.892 0.49169
1.45707 485.871 0.493049
1.45464 510.63 0.4944
1.45225 535.171 0.495744
1.44988 559.496 0.497079
1.44754 583.608 0.498407
1.44522 607.51 0.499727
1.44293 631.203 0.501039
1.44067 654.689 0.502344
1.43843 677.972 0.50364
1.43622 701.054 0.504929
1.43403 723.936 0.50621
1.43186 746.621 0.507483
1.42972 769.112 0.508748
0.554763 791.409 0.510005
current vp 0
1.50564 0 0.467429
1.50268 29.1305 0.468915
1.49975 57.9943 0.470394
1.49685 86.5943 0.471866
1.49398 114.934 0.473331
1.49115 143.015 0.474788
1.48835 170.841 0.476238
1.48558 198.416 0.477681
1.48284 225.741 0.479116
1.48013 252.819 0.480543
1.47745 279.653 0.481963
1.4748 306.247 0.483376
1.47218 332.602 0.48478
1.46959 358.721 0.486178
1.46703 384.607 0.487567
1.4645 410.262 0.488949
1.46199 435.69 0.490324
1.45952 460.892 0.49169
1.45707 485.871 0.493049
1.45464 510.63 0.4944
1.45225 535.171 0.495744
1.44988 559.496 0.497079
1.44754 583.608 0.498407
1.44522 607.51 0.499727
1.44293 631.203 0.501039
1.44067 654.689 0.502344
1.43843 677.972 0.50364
1.43622 701.054 0.504929
1.43403 723.936 0.50621
1.43186 746.621 0.507483
1.42972 769.112 0.508748
0.554763 791.409 0.510005
current vp 0
1.50564 0 0.467429
1.50268 29.1305 0.468915
1.49975 57.9943 0.470394
1.49685 86.5943 0.471866
1.49398 114.934 0.473331
1.49115 143.015 0.474788
1.48835 170.841 0.476238
1.48558 198.416 0.477681
1.48284 225.741 0.479116
1.48013 252.819 0.480543
1.47745 279.653 0.481963
1.4748 306.247 0.483376
1.47218 332.602 0.48478
1.46959 358.721 0.486178
1.46703 384.607 0.487567
1.4645 410.262 0.488949
1.46199 435.69 0.490324
1.45952 460.892 0.49169
1.45707 485.871 0.493049
1.45464 510.63 0.4944
1.45225 535.171 0.495744
1.44988 559.496 0.497079
1.44754 583.608 0.498407
1.44522 607.51 0.499727
1.44293 631.203 0.501039
1.44067 654.689 0.502344
1.43843 677.972 0.50364
1.43622 701.054 0.504929
1.43403 723.936 0.50621
1.43186 746.621 0.507483
1.42972 769.112 0.508748
0.554763 791.409 0.510005
current vp 0
1.50564 0 0.467429
1.50268 29.1305 0.468915
1.49975 57.9943 0.470394
1.49685 86.5943 0.471866
1.49398 114.934 0.473331
1.49115 143.015 0.474788
1.48835 170.841 0.476238
1.48558 198.416 0.477681
1.48284 225.741 0.479116
1.48013 252.819 0.480543
1.47745 279.653 0.481963
1.4748 306.247 0.483376
1.47218 332.602 0.48478
1.46959 358.721 0.486178
1.46703 384.607 0.487567
1.4645 410.262 0.488949
1.46199 435.69 0.490324
1.45952 460.892 0.49169
1.45707 485.871 0.493049
1.45464 510.63 0.4944
1.45225 535.171 0.495744
1.44988 559.496 0.497079
1.44754 583.608 0.498407
1.44522 607.51 0.499727
1.44293 631.203 0.501039
1.44067 654.689 0.502344
1.43843 677.972 0.50364
1.43622 701.054 0.504929
1.43403 723.936 0.50621
1.43186 746.621 0.507483
1.42972 769.112 0.508748
0.554763 791.409 0.510005
current vp 0
1.50564 0 0.467429
1.50268 29.1305 0.468915
1.49975 57.9943 0.470394
1.49685 86.5943 0.471866
1.49398 114.934 0.473331
1.49115 143.015 0.474788
1.48835 170.841 0.476238
1.48558 198.416 0.477681
1.48284 225.741 0.479116
1.48013 252.819 0.480543
1.47745 279.653 0.481963
1.4748 306.247 0.483376
1.47218 332.602 0.48478
1.46959 358.721 0.486178
1.46703 384.607 0.487567
1.4645 410.262 0.488949
1.46199 435.69 0.490324
1.45952 460.892 0.49169
1.45707 485.871 0.493049
1.45464 510.63 0.4944
1.45225 535.171 0.495744
1.44988 559.496 0.497079
1.44754 583.608 0.498407
1.44522 607.51 0.499727
1.44293 631.203 0.501039
1.44067 654.689 0.502344
1.43843 677.972 0.50364
1.43622 701.054 0.504929
1.43403 723.936 0.50621
1.43186 746.621 0.507483
1.42972 769.112 0.508748
0.554763 791.409 0.510005
current vp 0
1.50564 0 0.467429
1.50268 29.1305 0.468915
1.49975 57.9943 0.470394
1.49685 86.5943 0.471866
1.49398 114.934 0.473331
1.49115 143.015 0.474788
1.48835 170.841 0.476238
1.48558 198.416 0.477681
1.48284 225.741 0.479116
1.48013 252.819 0.480543
1.47745 279.653 0.481963
1.4748 306.247 0.483376
1.47218 332.602 0.48478
1.46959 358.721 0.486178
1.46703 384.607 0.487567
1.4645 410.262 0.488949
1.46199 435.69 0.490324
1.45952 460.892 0.49169
1.45707 485.871 0.493049
1.45464 510.63 0.4944
1.45225 535.171 0.495744
1.44988 559.496 0.497079
1.44754 583.608 0.498407
1.44522 607.51 0.499727
1.44293 631.203 0.501039
1.44067 654.689 0.502344
1.43843 677.972 0.50364
1.43622 701.054 0.504929
1.43403 723.936 0.50621
1.43186 746.621 0.507483
1.42972 769.112 0.508748
0.554763 791.409 0.510005
current vp 19.3476
1.50367 19.3476 0.468415
1.50073 48.3009 0.469897
1.49782 76.9895 0.471371
1.49495 105.416 0.472838
1.4921 133.584 0.474298
1.48929 161.496 0.47575
1.48651 189.155 0.477195
1.48376 216.564 0.478633
1.48104 243.725 0.480063
1.47835 270.641 0.481485
1.47569 297.316 0.4829
1.47306 323.751 0.484308
1.47046 349.949 0.485708
1.46789 375.914 0.4871
1.46535 401.646 0.488484
1.46283 427.151 0.489861
1.46035 452.428 0.49123
1.45789 477.483 0.492592
1.45546 502.315 0.493946
1.45305 526.929 0.495292
1.45068 551.327 0.49663
1.44833 575.511 0.49796
1.446 599.483 0.499283
1.4437 623.246 0.500598
1.44143 646.802 0.501905
1.43918 670.153 0.503204
1.43696 693.302 0.504496
1.43476 716.252 0.505779
1.43259 739.003 0.507055
1.43044 761.559 0.508322
1.03585 783.921 0.509582
current vp 19.3476
1.50367 19.3476 0.468415
1.50073 48.3009 0.469897
1.49782 76.9895 0.471371
1.49495 105.416 0.472838
1.4921 133.584 0.474298
1.48929 161.496 0.47575
1.48651 189.155 0.477195
1.48376 216.564 0.478633
1.48104 243.725 0.480063
1.47835 270.641 0.481485
1.47569 297.316 0.4829
1.47306 323.751 0.484308
1.47046 349.949 0.485708
1.46789 375.914 0.4871
1.46535 401.646 0.488484
1.46283 427.151 0.489861
1.46035 452.428 0.49123
1.45789 477.483 0.492592
1.45546 502.315 0.493946
1.45305 526.929 0.495292
1.45068 551.327 0.49663
1.44833 575.511 0.49796
1.446 599.483 0.499283
1.4437 623.246 0.500598
1.44143 646.802 0.501905
1.43918 670.153 0.503204
1.43696 693.302 0.504496
1.43476 716.252 0.505779
1.43259 739.003 0.507055
1.43044 761.559 0.508322
1.03585 783.921 0.509582
current vp 38.6026
1.50172 38.6026 0.469399
1.4988 67.3799 0.470876
1.49591 95.8945 0.472346
1.49305 124.149 0.473808
1.49023 152.147 0.475263
1.48744 179.891 0.47671
1.48468 207.383 0.47815
1.48195 234.627 0.479583
1.47925 261.625 0.481008
1.47658 288.381 0.482425
1.47394 314.896 0.483835
1.47133 341.174 0.485238
1.46875 367.216 0.486633
1.4662 393.027 0.48802
1.46368 418.608 0.489399
1.46118 443.961 0.490771
1.45871 469.09 0.492135
1.45627 493.997 0.493491
1.45386 518.685 0.49484
1.45147 543.155 0.496181
1.44911 567.41 0.497514
1.44678 591.453 0.498839
1.44447 615.286 0.500157
1.44219 638.911 0.501466
1.43993 662.331 0.502768
1.4377 685.548 0.504062
1.4355 708.565 0.505348
1.43332 731.382 0.506627
1.43116 754.003 0.507897
1.42903 776.431 0.50916
0.0863687 798.666 0.510414
current vp 38.6026
1.50172 38.6026 0.469399
1.4988 67.3799 0.470876
1.49591 95.8945 0.472346
1.49305 124.149 0.473808
1.49023 152.147 0.475263
1.48744 179.891 0.47671
1.48468 207.383 0.47815
1.48195 234.627 0.479583
1.47925 261.625 0.481008
1.47658 288.381 0.482425
1.47394 314.896 0.483835
1.47133 341.174 0.485238
1.46875 367.216 0.486633
1.4662 393.027 0.48802
1.46368 418.608 0.489399
1.46118 443.961 0.490771
1.45871 469.09 0.492135
1.45627 493.997 0.493491
1.45386 518.685 0.49484
1.45147 543.155 0.496181
1.44911 567.41 0.497514
1.44678 591.453 0.498839
1.44447 615.286 0.500157
1.44219 638.911 0.501466
1.43993 662.331 0.502768
1.4377 685.548 0.504062
1.4355 708.565 0.505348
1.43332 731.382 0.506627
1.43116 754.003 0.507897
1.42903 776.431 0.50916
0.0863687 798.666 0.510414
current vp 57.7656
1.49977 57.7656 0.470382
1.49687 86.3679 0.471854
1.49401 114.709 0.473318
1.49118 142.793 0.474776
1.48837 170.622 0.476226
1.4856 198.198 0.477668
1.48286 225.525 0.479103
1.48015 252.605 0.480531
1.47747 279.442 0.481951
1.47482 306.038 0.483363
1.4722 332.395 0.484768
1.46961 358.516 0.486166
1.46705 384.404 0.487555
1.46452 410.061 0.488937
1.46201 435.491 0.490312
1.45954 460.695 0.491678
1.45709 485.676 0.493037
1.45467 510.437 0.494389
1.45227 534.979 0.495732
1.4499 559.307 0.497068
1.44756 583.42 0.498396
1.44524 607.324 0.499716
1.44295 631.018 0.501028
1.44069 654.507 0.502333
1.43845 677.792 0.503629
1.43623 700.875 0.504918
1.43404 723.759 0.506199
1.43188 746.446 0.507472
1.42974 768.938 0.508737
0.565854 791.237 0.509994
current vp 57.7656
1.49977 57.7656 0.470382
1.49687 86.3679 0.471854
1.49401 114.709 0.473318
1.49118 142.793 0.474776
1.48837 170.622 0.476226
1.4856 198.198 0.477668
1.48286 225.525 0.479103
1.48015 252.605 0.480531
1.47747 279.442 0.481951
1.47482 306.038 0.483363
1.4722 332.395 0.484768
1.46961 358.516 0.486166
1.46705 384.404 0.487555
1.46452 410.061 0.488937
1.46201 435.491 0.490312
1.45954 460.695 0.491678
1.45709 485.676 0.493037
1.45467 510.437 0.494389
1.45227 534.979 0.495732
1.4499 559.307 0.497068
1.44756 583.42 0.498396
1.44524 607.324 0.499716
1.44295 631.018 0.501028
1.44069 654.507 0.502333
1.43845 677.792 0.503629
1.43623 700.875 0.504918
1.43404 723.759 0.506199
1.43188 746.446 0.507472
1.42974 768.938 0.508737
0.565854 791.237 0.509994
current vp 76.8367
1.49784 76.8367 0.471362
1.49496 105.265 0.472829
1.49212 133.435 0.474289
1.48931 161.348 0.475741
1.48653 189.009 0.477186
1.48378 216.419 0.478624
1.48106 243.581 0.480054
1.47837 270.499 0.481477
1.47571 297.175 0.482892
1.47308 323.612 0.484299
1.47048 349.811 0.485699
1.46791 375.777 0.487091
1.46536 401.511 0.488476
1.46285 427.017 0.489853
1.46036 452.296 0.491222
1.4579 477.352 0.492584
1.45547 502.186 0.493938
1.45307 526.801 0.495284
1.45069 551.2 0.496622
1.44834 575.385 0.497952
1.44602 599.358 0.499275
1.44372 623.122 0.50059
1.44144 646.68 0.501897
1.4392 670.032 0.503196
1.43697 693.183 0.504488
1.43477 716.133 0.505771
1.4326 738.886 0.507047
1.43045 761.443 0.508315
1.0432 783.806 0.509575
current vp 76.8367
1.49784 76.8367 0.471362
1.49496 105.265 0.472829
1.49212 133.435 0.474289
1.48931 161.348 0.475741
1.48653 189.009 0.477186
1.48378 216.419 0.478624
1.48106 243.581 0.480054
1.47837 270.499 0.481477
1.47571 297.175 0.482892
1.47308 323.612 0.484299
1.47048 349.811 0.485699
1.46791 375.777 0.487091
1.46536 401.511 0.488476
1.46285 427.017 0.489853
1.46036 452.296 0.491222
1.4579 477.352 0.492584
1.45547 502.186 0.493938
1.45307 526.801 0.495284
1.45069 551.2 0.496622
1.44834 575.385 0.497952
1.44602 599.358 0.499275
1.44372 623.122 0.50059
1.44144 646.68 0.501897
1.4392 670.032 0.503196
1.43697 693.183 0.504488
1.43477 716.133 0.505771
1.4326 738.886 0.507047
1.43045 761.443 0.508315
1.0432 783.806 0.509575
current vp 95.8163
1.49592 95.8163 0.472341
1.49306 124.072 0.473803
1.49024 152.071 0.475258
1.48745 179.815 0.476705
1.48469 207.308 0.478145
1.48196 234.553 0.479578
1.47926 261.553 0.481003
1.47659 288.309 0.482421
1.47395 314.825 0.483831
1.47134 341.103 0.485233
1.46876 367.147 0.486628
1.46621 392.958 0.488015
1.46368 418.54 0.489394
1.46119 443.894 0.490766
1.45872 469.024 0.49213
1.45628 493.931 0.493487
1.45387 518.62 0.494835
1.45148 543.09 0.496176
1.44912 567.346 0.497509
1.44679 591.39 0.498835
1.44448 615.224 0.500152
1.4422 638.85 0.501462
1.43994 662.271 0.502764
1.43771 685.488 0.504058
1.43551 708.505 0.505344
1.43332 731.323 0.506622
1.43117 753.945 0.507893
1.42903 776.373 0.509155
0.0900339 798.609 0.51041
current vp 95.8163
1.49592 95.8163 0.472341
1.49306 124.072 0.473803
1.49024 152.071 0.475258
1.48745 179.815 0.476705
1.48469 207.308 0.478145
1.48196 234.553 0.479578
1.47926 261.553 0.481003
1.47659 288.309 0.482421
1.47395 314.825 0.483831
1.47134 341.103 0.485233
1.46876 367.147 0.486628
1.46621 392.958 0.488015
1.46368 418.54 0.489394
1.46119 443.894 0.490766
1.45872 469.024 0.49213
1.45628 493.931 0.493487
1.45387 518.62 0.494835
1.45148 543.09 0.496176
1.44912 567.346 0.497509
1.44679 591.39 0.498835
1.44448 615.224 0.500152
1.4422 638.85 0.501462
1.43994 662.271 0.502764
1.43771 685.488 0.504058
1.43551 708.505 0.505344
1.43332 731.323 0.506622
1.43117 753.945 0.507893
1.42903 776.373 0.509155
0.0900339 798.609 0.51041
current vp 114.705
1.49401 114.705 0.473317
1.49118 142.789 0.474774
1.48838 170.617 0.476224
1.4856 198.194 0.477667
1.48286 225.521 0.479102
1.48016 252.602 0.48053
1.47748 279.439 0.48195
1.47483 306.034 0.483362
1.47221 332.392 0.484767
1.46962 358.513 0.486164
1.46705 384.401 0.487554
1.46452 410.059 0.488936
1.46202 435.489 0.490311
1.45954 460.693 0.491677
1.45709 485.674 0.493036
1.45467 510.435 0.494388
1.45227 534.978 0.495731
1.4499 559.305 0.497067
1.44756 583.419 0.498395
1.44525 607.323 0.499715
1.44296 631.018 0.501027
1.44069 654.506 0.502331
1.43845 677.791 0.503628
1.43624 700.875 0.504917
1.43405 723.759 0.506198
1.43188 746.446 0.507471
1.42974 768.938 0.508736
0.565818 791.237 0.509993
current vp 114.705
1.49401 114.705 0.473317
1.49118 142.789 0.474774
1.48838 170.617 0.476224
1.4856 198.194 0.477667
1.48286 225.521 0.479102
1.48016 252.602 0.48053
1.47748 279.439 0.48195
1.47483 306.034 0.483362
1.47221 332.392 0.484767
1.46962 358.513 0.486164
1.46705 384.401 0.487554
1.46452 410.059 0.488936
1.46202 435.489 0.490311
1.45954 460.693 0.491677
1.45709 485.674 0.493036
1.45467 510.435 0.494388
1.45227 534.978 0.495731
1.4499 559.305 0.497067
1.44756 583.419 0.498395
1.44525 607.323 0.499715
1.44296 631.018 0.501027
1.44069 654.506 0.502331
1.43845 677.791 0.503628
1.43624 700.875 0.504917
1.43405 723.759 0.506198
1.43188 746.446 0.507471
1.42974 768.938 0.508736
0.565818 791.237 0.509993
current vp 133.502
1.49211 133.502 0.474292
1.4893 161.415 0.475744
1.48652 189.076 0.477189
1.48377 216.485 0.478627
1.48105 243.647 0.480057
1.47836 270.565 0.481479
1.4757 297.24 0.482894
1.47307 323.676 0.484302
1.47047 349.876 0.485702
1.4679 375.841 0.487094
1.46536 401.575 0.488478
1.46284 427.08 0.489855
1.46036 452.359 0.491225
1.4579 477.414 0.492586
1.45547 502.248 0.49394
1.45306 526.863 0.495286
1.45069 551.261 0.496624
1.44834 575.446 0.497955
1.44601 599.419 0.499277
1.44371 623.183 0.500592
1.44144 646.74 0.501899
1.43919 670.092 0.503199
1.43697 693.242 0.50449
1.43477 716.192 0.505773
1.4326 738.944 0.507049
1.43045 761.501 0.508317
1.03949 783.864 0.509577
current vp 133.502
1.49211 133.502 0.474292
1.4893 161.415 0.475744
1.48652 189.076 0.477189
1.48377 216.485 0.478627
1.48105 243.647 0.480057
1.47836 270.565 0.481479
1.4757 297.24 0.482894
1.47307 323.676 0.484302
1.47047 349.876 0.485702
1.4679 375.841 0.487094
1.46536 401.575 0.488478
1.46284 427.08 0.489855
1.46036 452.359 0.491225
1.4579 477.414 0.492586
1.45547 502.248 0.49394
1.45306 526.863 0.495286
1.45069 551.261 0.496624
1.44834 575.446 0.497955
1.44601 599.419 0.499277
1.44371 623.183 0.500592
1.44144 646.74 0.501899
1.43919 670.092 0.503199
1.43697 693.242 0.50449
1.43477 716.192 0.505773
1.4326 738.944 0.507049
1.43045 761.501 0.508317
1.03949 783.864 0.509577
current vp 152.209
1.49023 152.209 0.475264
1.48744 179.953 0.476711
1.48468 207.445 0.478151
1.48195 234.689 0.479584
1.47925 261.687 0.481009
1.47658 288.442 0.482427
1.47394 314.957 0.483837
1.47133 341.235 0.485239
1.46875 367.277 0.486634
1.4662 393.088 0.488021
1.46367 418.668 0.4894
1.46118 444.022 0.490772
1.45871 469.15 0.492136
1.45627 494.057 0.493493
1.45386 518.744 0.494841
1.45147 543.214 0.496182
1.44911 567.469 0.497515
1.44678 591.512 0.49884
1.44447 615.345 0.500158
1.44219 638.97 0.501468
1.43993 662.39 0.502769
1.4377 685.607 0.504063
1.4355 708.623 0.505349
1.43331 731.44 0.506628
1.43116 754.061 0.507898
1.42902 776.488 0.509161
0.0826362 798.723 0.510415
current vp 152.209
1.49023 152.209 0.475264
1.48744 179.953 0.476711
1.48468 207.445 0.478151
1.48195 234.689 0.479584
1.47925 261.687 0.481009
1.47658 288.442 0.482427
1.47394 314.957 0.483837
1.47133 341.235 0.485239
1.46875 367.277 0.486634
1.4662 393.088 0.488021
1.46367 418.668 0.4894
1.46118 444.022 0.490772
1.45871 469.15 0.492136
1.45627 494.057 0.493493
1.45386 518.744 0.494841
1.45147 543.214 0.496182
1.44911 567.469 0.497515
1.44678 591.512 0.49884
1.44447 615.345 0.500158
1.44219 638.97 0.501468
1.43993 662.39 0.502769
1.4377 685.607 0.504063
1.4355 708.623 0.505349
1.43331 731.44 0.506628
1.43116 754.061 0.507898
1.42902 776.488 0.509161
0.0826362 798.723 0.510415
current vp 170.826
1.48836 170.826 0.476234
1.48559 198.401 0.477677
1.48285 225.727 0.479112
1.48014 252.806 0.480539
1.47746 279.641 0.481959
1.47481 306.235 0.483372
1.47219 332.591 0.484777
1.4696 358.71 0.486174
1.46704 384.597 0.487564
1.4645 410.253 0.488946
1.462 435.681 0.49032
1.45952 460.884 0.491687
1.45707 485.864 0.493046
1.45465 510.623 0.494397
1.45226 535.165 0.49574
1.44989 559.49 0.497076
1.44755 583.603 0.498404
1.44523 607.505 0.499724
1.44294 631.198 0.501036
1.44068 654.686 0.50234
1.43844 677.969 0.503637
1.43622 701.051 0.504926
1.43403 723.934 0.506206
1.43187 746.62 0.507479
1.42973 769.111 0.508745
0.554783 791.409 0.510002
current vp 170.826
1.48836 170.826 0.476234
1.48559 198.401 0.477677
1.48285 225.727 0.479112
1.48014 252.806 0.480539
1.47746 279.641 0.481959
1.47481 306.235 0.483372
1.47219 332.591 0.484777
1.4696 358.71 0.486174
1.46704 384.597 0.487564
1.4645 410.253 0.488946
1.462 435.681 0.49032
1.45952 460.884 0.491687
1.45707 485.864 0.493046
1.45465 510.623 0.494397
1.45226 535.165 0.49574
1.44989 559.49 0.497076
1.44755 583.603 0.498404
1.44523 607.505 0.499724
1.44294 631.198 0.501036
1.44068 654.686 0.50234
1.43844 677.969 0.503637
1.43622 701.051 0.504926
1.43403 723.934 0.506206
1.43187 746.62 0.507479
1.42973 769.111 0.508745
0.554783 791.409 0.510002
current vp 189.353
1.4865 189.353 0.477203
1.48375 216.761 0.47864
1.48103 243.921 0.48007
1.47834 270.836 0.481492
1.47568 297.509 0.482907
1.47305 323.943 0.484315
1.47045 350.14 0.485715
1.46788 376.103 0.487107
1.46533 401.835 0.488491
1.46282 427.338 0.489868
1.46033 452.615 0.491237
1.45788 477.667 0.492599
1.45545 502.499 0.493953
1.45304 527.112 0.495299
1.45066 551.509 0.496637
1.44831 575.691 0.497967
1.44599 599.662 0.49929
1.44369 623.424 0.500605
1.44142 646.979 0.501912
1.43917 670.33 0.503211
1.43695 693.478 0.504502
1.43475 716.426 0.505785
1.43258 739.176 0.507061
1.43043 761.731 0.508329
1.02485 784.092 0.509589
current vp 189.353
1.4865 189.353 0.477203
1.48375 216.761 0.47864
1.48103 243.921 0.48007
1.47834 270.836 0.481492
1.47568 297.509 0.482907
1.47305 323.943 0.484315
1.47045 350.14 0.485715
1.46788 376.103 0.487107
1.46533 401.835 0.488491
1.46282 427.338 0.489868
1.46033 452.615 0.491237
1.45788 477.667 0.492599
1.45545 502.499 0.493953
1.45304 527.112 0.495299
1.45066 551.509 0.496637
1.44831 575.691 0.497967
1.44599 599.662 0.49929
1.44369 623.424 0.500605
1.44142 646.979 0.501912
1.43917 670.33 0.503211
1.43695 693.478 0.504502
1.43475 716.426 0.505785
1.43258 739.176 0.507061
1.43043 761.731 0.508329
1.02485 784.092 0.509589
current vp 207.791
1.48465 207.791 0.478169
1.48192 235.032 0.479601
1.47922 262.027 0.481026
1.47655 288.779 0.482443
1.47391 315.292 0.483853
1.4713 341.566 0.485256
1.46872 367.606 0.48665
1.46617 393.413 0.488037
1.46364 418.991 0.489417
1.46115 444.342 0.490788
1.45868 469.468 0.492152
1.45624 494.372 0.493509
1.45383 519.057 0.494857
1.45144 543.524 0.496198
1.44908 567.777 0.497531
1.44675 591.817 0.498856
1.44444 615.647 0.500174
1.44216 639.27 0.501483
1.43991 662.688 0.502785
1.43768 685.902 0.504079
1.43547 708.916 0.505365
1.43329 731.731 0.506643
1.43113 754.349 0.507913
1.429 776.774 0.509176
0.0642969 799.007 0.51043
current vp 207.791
1.48465 207.791 0.478169
1.48192 235.032 0.479601
1.47922 262.027 0.481026
1.47655 288.779 0.482443
1.47391 315.292 0.483853
1.4713 341.566 0.485256
1.46872 367.606 0.48665
1.46617 393.413 0.488037
1.46364 418.991 0.489417
1.46115 444.342 0.490788
1.45868 469.468 0.492152
1.45624 494.372 0.493509
1.45383 519.057 0.494857
1.45144 543.524 0.496198
1.44908 567.777 0.497531
1.44675 591.817 0.498856
1.44444 615.647 0.500174
1.44216 639.27 0.501483
1.43991 662.688 0.502785
1.43768 685.902 0.504079
1.43547 708.916 0.505365
1.43329 731.731 0.506643
1.43113 754.349 0.507913
1.429 776.774 0.509176
0.0642969 799.007 0.51043
current vp 226.139
1.48281 226.139 0.479133
1.4801 253.215 0.48056
1.47742 280.046 0.48198
1.47477 306.637 0.483392
1.47215 332.989 0.484797
1.46956 359.106 0.486194
1.467 384.989 0.487584
1.46447 410.642 0.488966
1.46196 436.067 0.49034
1.45949 461.266 0.491706
1.45704 486.243 0.493065
1.45462 510.999 0.494416
1.45222 535.537 0.49576
1.44985 559.86 0.497095
1.44751 583.969 0.498423
1.4452 607.868 0.499743
1.44291 631.559 0.501055
1.44064 655.043 0.502359
1.4384 678.324 0.503656
1.43619 701.403 0.504944
1.434 724.283 0.506225
1.43184 746.966 0.507498
1.42969 769.454 0.508763
0.532856 791.749 0.51002
current vp 226.139
1.48281 226.139 0.479133
1.4801 253.215 0.48056
1.47742 280.046 0.48198
1.47477 306.637 0.483392
1.47215 332.989 0.484797
1.46956 359.106 0.486194
1.467 384.989 0.487584
1.46447 410.642 0.488966
1.46196 436.067 0.49034
1.45949 461.266 0.491706
1.45704 486.243 0.493065
1.45462 510.999 0.494416
1.45222 535.537 0.49576
1.44985 559.86 0.497095
1.44751 583.969 0.498423
1.4452 607.868 0.499743
1.44291 631.559 0.501055
1.44064 655.043 0.502359
1.4384 678.324 0.503656
1.43619 701.403 0.504944
1.434 724.283 0.506225
1.43184 746.966 0.507498
1.42969 769.454 0.508763
0.532856 791.749 0.51002
current vp 244.399
1.48098 244.399 0.480094
1.47829 271.31 0.481517
1.47563 297.979 0.482931
1.473 324.409 0.484339
1.4704 350.602 0.485738
1.46783 376.561 0.48713
1.46529 402.289 0.488515
1.46278 427.788 0.489891
1.46029 453.061 0.491261
1.45783 478.11 0.492622
1.4554 502.938 0.493975
1.453 527.547 0.495321
1.45062 551.94 0.496659
1.44827 576.119 0.49799
1.44595 600.087 0.499312
1.44365 623.845 0.500627
1.44138 647.397 0.501934
1.43913 670.744 0.503233
1.43691 693.888 0.504524
1.43471 716.833 0.505807
1.43254 739.58 0.507083
1.43039 762.132 0.50835
0.999368 784.49 0.50961
current vp 244.399
1.48098 244.399 0.480094
1.47829 271.31 0.481517
1.47563 297.979 0.482931
1.473 324.409 0.484339
1.4704 350.602 0.485738
1.46783 376.561 0.48713
1.46529 402.289 0.488515
1.46278 427.788 0.489891
1.46029 453.061 0.491261
1.45783 478.11 0.492622
1.4554 502.938 0.493975
1.453 527.547 0.495321
1.45062 551.94 0.496659
1.44827 576.119 0.49799
1.44595 600.087 0.499312
1.44365 623.845 0.500627
1.44138 647.397 0.501934
1.43913 670.744 0.503233
1.43691 693.888 0.504524
1.43471 716.833 0.505807
1.43254 739.58 0.507083
1.43039 762.132 0.50835
0.999368 784.49 0.50961
current vp 262.57
1.47916 262.57 0.481054
1.4765 289.318 0.482471
1.47386 315.825 0.483881
1.47125 342.095 0.485283
1.46867 368.13 0.486677
1.46612 393.933 0.488064
1.46359 419.507 0.489444
1.4611 444.853 0.490815
1.45863 469.975 0.492179
1.45619 494.875 0.493535
1.45378 519.555 0.494883
1.4514 544.018 0.496224
1.44904 568.267 0.497557
1.4467 592.303 0.498882
1.4444 616.129 0.500199
1.44212 639.748 0.501509
1.43986 663.161 0.50281
1.43763 686.372 0.504104
1.43543 709.381 0.50539
1.43325 732.193 0.506668
1.43109 754.808 0.507938
1.42896 777.228 0.5092
0.0351289 799.457 0.510454
current vp 262.57
1.47916 262.57 0.481054
1.4765 289.318 0.482471
1.47386 315.825 0.483881
1.47125 342.095 0.485283
1.46867 368.13 0.486677
1.46612 393.933 0.488064
1.46359 419.507 0.489444
1.4611 444.853 0.490815
1.45863 469.975 0.492179
1.45619 494.875 0.493535
1.45378 519.555 0.494883
1.4514 544.018 0.496224
1.44904 568.267 0.497557
1.4467 592.303 0.498882
1.4444 616.129 0.500199
1.44212 639.748 0.501509
1.43986 663.161 0.50281
1.43763 686.372 0.504104
1.43543 709.381 0.50539
1.43325 732.193 0.506668
1.43109 754.808 0.507938
1.42896 777.228 0.5092
0.0351289 799.457 0.510454
current vp 280.653
1.47736 280.653 0.482011
1.47471 307.238 0.483423
1.47209 333.585 0.484828
1.4695 359.696 0.486225
1.46694 385.575 0.487614
1.46441 411.222 0.488996
1.46191 436.642 0.49037
1.45943 461.837 0.491736
1.45698 486.809 0.493095
1.45456 511.56 0.494446
1.45217 536.094 0.495789
1.4498 560.411 0.497124
1.44746 584.516 0.498452
1.44515 608.411 0.499772
1.44286 632.097 0.501084
1.44059 655.577 0.502388
1.43835 678.853 0.503684
1.43614 701.927 0.504972
1.43395 724.803 0.506253
1.43179 747.482 0.507526
1.42965 769.965 0.508791
0.500172 792.256 0.510047
current vp 280.653
1.47736 280.653 0.482011
1.47471 307.238 0.483423
1.47209 333.585 0.484828
1.4695 359.696 0.486225
1.46694 385.575 0.487614
1.46441 411.222 0.488996
1.46191 436.642 0.49037
1.45943 461.837 0.491736
1.45698 486.809 0.493095
1.45456 511.56 0.494446
1.45217 536.094 0.495789
1.4498 560.411 0.497124
1.44746 584.516 0.498452
1.44515 608.411 0.499772
1.44286 632.097 0.501084
1.44059 655.577 0.502388
1.43835 678.853 0.503684
1.43614 701.927 0.504972
1.43395 724.803 0.506253
1.43179 747.482 0.507526
1.42965 769.965 0.508791
0.500172 792.256 0.510047
current vp 298.648
1.47557 298.648 0.482966
1.47294 325.072 0.484373
1.47034 351.259 0.485772
1.46777 377.213 0.487164
1.46523 402.935 0.488549
1.46272 428.429 0.489925
1.46023 453.696 0.491294
1.45778 478.74 0.492655
1.45535 503.562 0.494009
1.45294 528.166 0.495354
1.45057 552.554 0.496692
1.44822 576.728 0.498022
1.44589 600.69 0.499344
1.4436 624.443 0.500659
1.44132 647.99 0.501966
1.43908 671.332 0.503264
1.43686 694.472 0.504555
1.43466 717.411 0.505839
1.43249 740.154 0.507114
1.43034 762.7 0.508381
0.963189 785.054 0.509641
current vp 298.648
1.47557 298.648 0.482966
1.47294 325.072 0.484373
1.47034 351.259 0.485772
1.46777 377.213 0.487164
1.46523 402.935 0.488549
1.46272 428.429 0.489925
1.46023 453.696 0.491294
1.45778 478.74 0.492655
1.45535 503.562 0.494009
1.45294 528.166 0.495354
1.45057 552.554 0.496692
1.44822 576.728 0.498022
1.44589 600.69 0.499344
1.4436 624.443 0.500659
1.44132 647.99 0.501966
1.43908 671.332 0.503264
1.43686 694.472 0.504555
1.43466 717.411 0.505839
1.43249 740.154 0.507114
1.43034 762.7 0.508381
0.963189 785.054 0.509641
current vp 316.556
1.47379 316.556 0.483919
1.47118 342.819 0.485321
1.4686 368.848 0.486715
1.46605 394.645 0.488102
1.46353 420.212 0.489481
1.46103 445.553 0.490852
1.45857 470.668 0.492216
1.45613 495.562 0.493572
1.45372 520.237 0.49492
1.45133 544.694 0.49626
1.44897 568.937 0.497593
1.44664 592.967 0.498918
1.44434 616.788 0.500235
1.44206 640.401 0.501544
1.4398 663.809 0.502845
1.43757 687.014 0.504139
1.43537 710.018 0.505424
1.43319 732.824 0.506702
1.43103 755.434 0.507972
1.42419 777.849 0.509234
current vp 316.556
1.47379 316.556 0.483919
1.47118 342.819 0.485321
1.4686 368.848 0.486715
1.46605 394.645 0.488102
1.46353 420.212 0.489481
1.46103 445.553 0.490852
1.45857 470.668 0.492216
1.45613 495.562 0.493572
1.45372 520.237 0.49492
1.45133 544.694 0.49626
1.44897 568.937 0.497593
1.44664 592.967 0.498918
1.44434 616.788 0.500235
1.44206 640.401 0.501544
1.4398 663.809 0.502845
1.43757 687.014 0.504139
1.43537 710.018 0.505424
1.43319 732.824 0.506702
1.43103 755.434 0.507972
1.42419 777.849 0.509234
current vp 334.376
1.47202 334.376 0.484869
1.46943 360.481 0.486266
1.46687 386.352 0.487655
1.46434 411.993 0.489036
1.46183 437.406 0.49041
1.45936 462.594 0.491776
1.45691 487.559 0.493135
1.45449 512.304 0.494485
1.4521 536.831 0.495828
1.44973 561.143 0.497164
1.44739 585.242 0.498491
1.44508 609.13 0.49981
1.44279 632.81 0.501122
1.44053 656.284 0.502426
1.43829 679.554 0.503722
1.43608 702.623 0.50501
1.43389 725.493 0.506291
1.43173 748.165 0.507563
1.42959 770.643 0.508828
0.456838 792.929 0.510084
current vp 334.376
1.47202 334.376 0.484869
1.46943 360.481 0.486266
1.46687 386.352 0.487655
1.46434 411.993 0.489036
1.46183 437.406 0.49041
1.45936 462.594 0.491776
1.45691 487.559 0.493135
1.45449 512.304 0.494485
1.4521 536.831 0.495828
1.44973 561.143 0.497164
1.44739 585.242 0.498491
1.44508 609.13 0.49981
1.44279 632.81 0.501122
1.44053 656.284 0.502426
1.43829 679.554 0.503722
1.43608 702.623 0.50501
1.43389 725.493 0.506291
1.43173 748.165 0.507563
1.42959 770.643 0.508828
0.456838 792.929 0.510084
current vp 352.11
1.47026 352.11 0.485817
1.46769 378.056 0.487209
1.46515 403.771 0.488593
1.46264 429.257 0.489969
1.46015 454.517 0.491338
1.4577 479.554 0.492698
1.45527 504.37 0.494052
1.45287 528.967 0.495397
1.45049 553.347 0.496735
1.44814 577.514 0.498064
1.44582 601.47 0.499387
1.44352 625.217 0.500701
1.44125 648.757 0.502007
1.43901 672.092 0.503306
1.43679 695.226 0.504596
1.43459 718.159 0.505879
1.43242 740.895 0.507154
1.43027 763.436 0.508421
0.916417 785.783 0.509681
current vp 352.11
1.47026 352.11 0.485817
1.46769 378.056 0.487209
1.46515 403.771 0.488593
1.46264 429.257 0.489969
1.46015 454.517 0.491338
1.4577 479.554 0.492698
1.45527 504.37 0.494052
1.45287 528.967 0.495397
1.45049 553.347 0.496735
1.44814 577.514 0.498064
1.44582 601.47 0.499387
1.44352 625.217 0.500701
1.44125 648.757 0.502007
1.43901 672.092 0.503306
1.43679 695.226 0.504596
1.43459 718.159 0.505879
1.43242 740.895 0.507154
1.43027 763.436 0.508421
0.916417 785.783 0.509681
current vp 369.757
1.46851 369.757 0.486763
1.46596 395.546 0.488149
1.46344 421.106 0.489528
1.46095 446.438 0.490899
1.45848 471.546 0.492262
1.45605 496.432 0.493618
1.45363 521.099 0.494966
1.45125 545.549 0.496306
1.44889 569.785 0.497638
1.44656 593.808 0.498963
1.44426 617.621 0.50028
1.44198 641.227 0.501589
1.43973 664.628 0.50289
1.4375 687.826 0.504183
1.43529 710.824 0.505468
1.43311 733.623 0.506746
1.43096 756.226 0.508015
1.37401 778.635 0.509277
current vp 369.757
1.46851 369.757 0.486763
1.46596 395.546 0.488149
1.46344 421.106 0.489528
1.46095 446.438 0.490899
1.45848 471.546 0.492262
1.45605 496.432 0.493618
1.45363 521.099 0.494966
1.45125 545.549 0.496306
1.44889 569.785 0.497638
1.44656 593.808 0.498963
1.44426 617.621 0.50028
1.44198 641.227 0.501589
1.43973 664.628 0.50289
1.4375 687.826 0.504183
1.43529 710.824 0.505468
1.43311 733.623 0.506746
1.43096 756.226 0.508015
1.37401 778.635 0.509277
current vp 387.319
1.46678 387.319 0.487706
1.46425 412.951 0.489087
1.46174 438.356 0.490461
1.45927 463.536 0.491827
1.45682 488.493 0.493185
1.4544 513.23 0.494535
1.45201 537.749 0.495878
1.44965 562.053 0.497212
1.44731 586.144 0.49854
1.44499 610.024 0.499859
1.44271 633.696 0.50117
1.44044 657.163 0.502474
1.43821 680.425 0.50377
1.436 703.487 0.505058
1.43381 726.349 0.506338
1.43165 749.015 0.50761
1.42951 771.486 0.508874
0.402974 793.764 0.51013
current vp 387.319
1.46678 387.319 0.487706
1.46425 412.951 0.489087
1.46174 438.356 0.490461
1.45927 463.536 0.491827
1.45682 488.493 0.493185
1.4544 513.23 0.494535
1.45201 537.749 0.495878
1.44965 562.053 0.497212
1.44731 586.144 0.49854
1.44499 610.024 0.499859
1.44271 633.696 0.50117
1.44044 657.163 0.502474
1.43821 680.425 0.50377
1.436 703.487 0.505058
1.43381 726.349 0.506338
1.43165 749.015 0.50761
1.42951 771.486 0.508874
0.402974 793.764 0.51013
current vp 404.794
1.46505 404.794 0.488647
1.46254 430.271 0.490023
1.46006 455.523 0.491391
1.4576 480.551 0.492752
1.45517 505.358 0.494104
1.45277 529.946 0.49545
1.4504 554.318 0.496787
1.44805 578.477 0.498116
1.44573 602.424 0.499438
1.44343 626.163 0.500752
1.44116 649.695 0.502058
1.43892 673.022 0.503357
1.4367 696.148 0.504647
1.4345 719.074 0.505929
1.43233 741.802 0.507204
1.43019 764.335 0.508471
0.859185 786.674 0.50973
current vp 404.794
1.46505 404.794 0.488647
1.46254 430.271 0.490023
1.46006 455.523 0.491391
1.4576 480.551 0.492752
1.45517 505.358 0.494104
1.45277 529.946 0.49545
1.4504 554.318 0.496787
1.44805 578.477 0.498116
1.44573 602.424 0.499438
1.44343 626.163 0.500752
1.44116 649.695 0.502058
1.43892 673.022 0.503357
1.4367 696.148 0.504647
1.4345 719.074 0.505929
1.43233 741.802 0.507204
1.43019 764.335 0.508471
0.859185 786.674 0.50973
current vp 422.184
1.46334 422.184 0.489585
1.46084 447.507 0.490956
1.45838 472.606 0.492319
1.45594 497.483 0.493674
1.45353 522.141 0.495022
1.45115 546.582 0.496362
1.4488 570.808 0.497694
1.44647 594.823 0.499018
1.44416 618.628 0.500334
1.44188 642.225 0.501643
1.43963 665.617 0.502944
1.4374 688.807 0.504237
1.4352 711.796 0.505522
1.43302 734.587 0.506799
1.43087 757.182 0.508068
1.31343 779.583 0.50933
current vp 422.184
1.46334 422.184 0.489585
1.46084 447.507 0.490956
1.45838 472.606 0.492319
1.45594 497.483 0.493674
1.45353 522.141 0.495022
1.45115 546.582 0.496362
1.4488 570.808 0.497694
1.44647 594.823 0.499018
1.44416 618.628 0.500334
1.44188 642.225 0.501643
1.43963 665.617 0.502944
1.4374 688.807 0.504237
1.4352 711.796 0.505522
1.43302 734.587 0.506799
1.43087 757.182 0.508068
1.31343 779.583 0.50933
current vp 439.489
1.46163 439.489 0.490521
1.45916 464.659 0.491886
1.45672 489.606 0.493244
1.4543 514.333 0.494594
1.45191 538.843 0.495937
1.44954 563.138 0.497271
1.4472 587.219 0.498598
1.44489 611.09 0.499917
1.44261 634.753 0.501228
1.44035 658.211 0.502531
1.43811 681.465 0.503826
1.4359 704.517 0.505114
1.43371 727.371 0.506394
1.43155 750.028 0.507666
1.42941 772.49 0.50893
0.338708 794.76 0.510186
current vp 439.489
1.46163 439.489 0.490521
1.45916 464.659 0.491886
1.45672 489.606 0.493244
1.4543 514.333 0.494594
1.45191 538.843 0.495937
1.44954 563.138 0.497271
1.4472 587.219 0.498598
1.44489 611.09 0.499917
1.44261 634.753 0.501228
1.44035 658.211 0.502531
1.43811 681.465 0.503826
1.4359 704.517 0.505114
1.43371 727.371 0.506394
1.43155 750.028 0.507666
1.42941 772.49 0.50893
0.338708 794.76 0.510186
current vp 456.71
1.45994 456.71 0.491454
1.45749 481.727 0.492815
1.45506 506.524 0.494167
1.45266 531.102 0.495512
1.45029 555.465 0.496849
1.44794 579.613 0.498178
1.44562 603.551 0.499499
1.44333 627.28 0.500813
1.44106 650.802 0.502119
1.43882 674.12 0.503417
1.4366 697.236 0.504707
1.4344 720.153 0.505989
1.43223 742.872 0.507263
1.43009 765.396 0.50853
0.791599 787.727 0.509788
current vp 456.71
1.45994 456.71 0.491454
1.45749 481.727 0.492815
1.45506 506.524 0.494167
1.45266 531.102 0.495512
1.45029 555.465 0.496849
1.44794 579.613 0.498178
1.44562 603.551 0.499499
1.44333 627.28 0.500813
1.44106 650.802 0.502119
1.43882 674.12 0.503417
1.4366 697.236 0.504707
1.4344 720.153 0.505989
1.43223 742.872 0.507263
1.43009 765.396 0.50853
0.791599 787.727 0.509788
current vp 473.846
1.45826 473.846 0.492385
1.45583 498.712 0.49374
1.45342 523.359 0.495087
1.45104 547.789 0.496427
1.44868 572.005 0.497759
1.44635 596.01 0.499082
1.44405 619.804 0.500398
1.44177 643.392 0.501707
1.43952 666.774 0.503007
1.4373 689.954 0.5043
1.43509 712.933 0.505584
1.43292 735.715 0.506861
1.43076 758.3 0.50813
1.24255 780.692 0.509391
current vp 473.846
1.45826 473.846 0.492385
1.45583 498.712 0.49374
1.45342 523.359 0.495087
1.45104 547.789 0.496427
1.44868 572.005 0.497759
1.44635 596.01 0.499082
1.44405 619.804 0.500398
1.44177 643.392 0.501707
1.43952 666.774 0.503007
1.4373 689.954 0.5043
1.43509 712.933 0.505584
1.43292 735.715 0.506861
1.43076 758.3 0.50813
1.24255 780.692 0.509391
current vp 490.898
1.45659 490.898 0.493314
1.45417 515.614 0.494663
1.45178 540.112 0.496005
1.44942 564.396 0.497339
1.44709 588.466 0.498666
1.44477 612.327 0.499984
1.44249 635.979 0.501295
1.44023 659.426 0.502598
1.438 682.67 0.503893
1.43579 705.712 0.50518
1.4336 728.556 0.506459
1.43144 751.203 0.507731
1.4293 773.655 0.508994
0.26415 795.915 0.51025
current vp 490.898
1.45659 490.898 0.493314
1.45417 515.614 0.494663
1.45178 540.112 0.496005
1.44942 564.396 0.497339
1.44709 588.466 0.498666
1.44477 612.327 0.499984
1.44249 635.979 0.501295
1.44023 659.426 0.502598
1.438 682.67 0.503893
1.43579 705.712 0.50518
1.4336 728.556 0.506459
1.43144 751.203 0.507731
1.4293 773.655 0.508994
0.26415 795.915 0.51025
current vp 507.866
1.45493 507.866 0.494239
1.45253 532.433 0.495584
1.45016 556.784 0.49692
1.44782 580.921 0.498249
1.4455 604.847 0.49957
1.44321 628.565 0.500883
1.44094 652.076 0.502189
1.4387 675.384 0.503486
1.43648 698.489 0.504776
1.43429 721.395 0.506057
1.43212 744.103 0.507331
1.42997 766.617 0.508597
0.713784 788.937 0.509856
current vp 507.866
1.45493 507.866 0.494239
1.45253 532.433 0.495584
1.45016 556.784 0.49692
1.44782 580.921 0.498249
1.4455 604.847 0.49957
1.44321 628.565 0.500883
1.44094 652.076 0.502189
1.4387 675.384 0.503486
1.43648 698.489 0.504776
1.43429 721.395 0.506057
1.43212 744.103 0.507331
1.42997 766.617 0.508597
0.713784 788.937 0.509856
current vp 524.751
1.45328 524.751 0.495163
1.4509 549.169 0.496502
1.44855 573.374 0.497833
1.44622 597.366 0.499156
1.44392 621.149 0.500472
1.44165 644.725 0.50178
1.4394 668.096 0.50308
1.43717 691.264 0.504372
1.43497 714.233 0.505656
1.4328 737.003 0.506932
1.43064 759.577 0.508201
1.16151 781.958 0.509461
current vp 524.751
1.45328 524.751 0.495163
1.4509 549.169 0.496502
1.44855 573.374 0.497833
1.44622 597.366 0.499156
1.44392 621.149 0.500472
1.44165 644.725 0.50178
1.4394 668.096 0.50308
1.43717 691.264 0.504372
1.43497 714.233 0.505656
1.4328 737.003 0.506932
1.43064 759.577 0.508201
1.16151 781.958 0.509461
current vp 541.553
1.45165 541.553 0.496083
1.44928 565.824 0.497417
1.44695 589.883 0.498743
1.44464 613.731 0.500061
1.44236 637.371 0.501371
1.4401 660.806 0.502673
1.43787 684.038 0.503968
1.43566 707.069 0.505255
1.43347 729.901 0.506534
1.43132 752.536 0.507804
1.42918 774.977 0.509068
0.179422 797.227 0.510323
current vp 541.553
1.45165 541.553 0.496083
1.44928 565.824 0.497417
1.44695 589.883 0.498743
1.44464 613.731 0.500061
1.44236 637.371 0.501371
1.4401 660.806 0.502673
1.43787 684.038 0.503968
1.43566 707.069 0.505255
1.43347 729.901 0.506534
1.43132 752.536 0.507804
1.42918 774.977 0.509068
0.179422 797.227 0.510323
current vp 558.273
1.45002 558.273 0.497001
1.44768 582.397 0.498329
1.44536 606.311 0.49965
1.44307 630.016 0.500963
1.4408 653.515 0.502267
1.43856 676.81 0.503564
1.43634 699.903 0.504854
1.43415 722.797 0.506135
1.43199 745.494 0.507408
1.42984 767.995 0.508674
0.625859 790.304 0.509932
current vp 558.273
1.45002 558.273 0.497001
1.44768 582.397 0.498329
1.44536 606.311 0.49965
1.44307 630.016 0.500963
1.4408 653.515 0.502267
1.43856 676.81 0.503564
1.43634 699.903 0.504854
1.43415 722.797 0.506135
1.43199 745.494 0.507408
1.42984 767.995 0.508674
0.625859 790.304 0.509932
current vp 574.91
1.4484 574.91 0.497916
1.44608 598.889 0.499239
1.44378 622.659 0.500555
1.4415 646.222 0.501862
1.43926 669.58 0.503161
1.43703 692.736 0.504453
1.43483 715.692 0.505737
1.43266 738.45 0.507012
1.43051 761.012 0.50828
1.07041 783.381 0.509541
current vp 574.91
1.4484 574.91 0.497916
1.44608 598.889 0.499239
1.44378 622.659 0.500555
1.4415 646.222 0.501862
1.43926 669.58 0.503161
1.43703 692.736 0.504453
1.43483 715.692 0.505737
1.43266 738.45 0.507012
1.43051 761.012 0.50828
1.07041 783.381 0.509541
current vp 591.466
1.4468 591.466 0.498829
1.44449 615.3 0.500147
1.44221 638.927 0.501456
1.43995 662.349 0.502758
1.43772 685.567 0.504052
1.43551 708.585 0.505338
1.43333 731.404 0.506617
1.43118 754.027 0.507887
1.42904 776.456 0.50915
0.0846449 798.692 0.510404
current vp 591.466
1.4468 591.466 0.498829
1.44449 615.3 0.500147
1.44221 638.927 0.501456
1.43995 662.349 0.502758
1.43772 685.567 0.504052
1.43551 708.585 0.505338
1.43333 731.404 0.506617
1.43118 754.027 0.507887
1.42904 776.456 0.50915
0.0846449 798.692 0.510404
current vp 607.94
1.4452 607.94 0.499739
1.44291 631.631 0.501051
1.44065 655.116 0.502355
1.43841 678.397 0.503652
1.4362 701.477 0.504941
1.43401 724.357 0.506221
1.43184 747.041 0.507494
1.4297 769.529 0.508759
0.52794 791.825 0.510016
current vp 607.94
1.4452 607.94 0.499739
1.44291 631.631 0.501051
1.44065 655.116 0.502355
1.43841 678.397 0.503652
1.4362 701.477 0.504941
1.43401 724.357 0.506221
1.43184 747.041 0.507494
1.4297 769.529 0.508759
0.52794 791.825 0.510016
current vp 624.333
1.44362 624.333 0.500646
1.44135 647.881 0.501953
1.4391 671.225 0.503252
1.43688 694.367 0.504543
1.43468 717.309 0.505826
1.43251 740.053 0.507101
1.43036 762.602 0.508369
0.969378 784.957 0.509628
current vp 624.333
1.44362 624.333 0.500646
1.44135 647.881 0.501953
1.4391 671.225 0.503252
1.43688 694.367 0.504543
1.43468 717.309 0.505826
1.43251 740.053 0.507101
1.43036 762.602 0.508369
0.969378 784.957 0.509628
current vp 640.645
1.44204 640.645 0.501551
1.43979 664.052 0.502852
1.43756 687.256 0.504145
1.43536 710.259 0.505431
1.43318 733.064 0.506709
1.43102 755.672 0.507979
1.40896 778.087 0.509241
current vp 640.645
1.44204 640.645 0.501551
1.43979 664.052 0.502852
1.43756 687.256 0.504145
1.43536 710.259 0.505431
1.43318 733.064 0.506709
1.43102 755.672 0.507979
1.40896 778.087 0.509241
current vp 656.877
1.44048 656.877 0.502452
1.43824 680.143 0.503748
1.43603 703.207 0.505036
1.43384 726.073 0.506316
1.43168 748.742 0.507589
1.42954 771.216 0.508853
0.420147 793.498 0.51011
current vp 656.877
1.44048 656.877 0.502452
1.43824 680.143 0.503748
1.43603 703.207 0.505036
1.43384 726.073 0.506316
1.43168 748.742 0.507589
1.42954 771.216 0.508853
0.420147 793.498 0.51011
current vp 673.028
1.43893 673.028 0.503351
1.43671 696.154 0.504642
1.43451 719.081 0.505924
1.43234 741.81 0.507199
1.4302 764.344 0.508466
0.858527 786.684 0.509725
current vp 673.028
1.43893 673.028 0.503351
1.43671 696.154 0.504642
1.43451 719.081 0.505924
1.43234 741.81 0.507199
1.4302 764.344 0.508466
0.858527 786.684 0.509725
current vp 689.1
1.43739 689.1 0.504247
1.43518 712.088 0.505532
1.433 734.877 0.506809
1.43085 757.47 0.508079
1.29508 779.87 0.50934
current vp 689.1
1.43739 689.1 0.504247
1.43518 712.088 0.505532
1.433 734.877 0.506809
1.43085 757.47 0.508079
1.29508 779.87 0.50934
current vp 705.093
1.43585 705.093 0.505141
1.43367 727.942 0.50642
1.43151 750.595 0.507692
1.42937 773.054 0.508956
0.302599 795.32 0.510212
current vp 705.093
1.43585 705.093 0.505141
1.43367 727.942 0.50642
1.43151 750.595 0.507692
1.42937 773.054 0.508956
0.302599 795.32 0.510212
current vp 721.006
1.43433 721.006 0.506031
1.43216 743.719 0.507305
1.43002 766.236 0.508571
0.737979 788.561 0.50983
current vp 721.006
1.43433 721.006 0.506031
1.43216 743.719 0.507305
1.43002 766.236 0.508571
0.737979 788.561 0.50983
current vp 736.841
1.43282 736.841 0.506919
1.43067 759.418 0.508187
1.17156 781.801 0.509448
current vp 736.841
1.43282 736.841 0.506919
1.43067 759.418 0.508187
1.17156 781.801 0.509448
current vp 752.598
1.43132 752.598 0.507803
1.42918 775.039 0.509067
0.175413 797.289 0.510322
current vp 752.598
1.43132 752.598 0.507803
1.42918 775.039 0.509067
0.175413 797.289 0.510322
current vp 768.277
1.42983 768.277 0.508685
0.607849 790.584 0.509943
current vp 768.277
1.42983 768.277 0.508685
0.607849 790.584 0.509943
current vp 783.878
1.03851 783.878 0.509564
current vp 783.878
1.03851 783.878 0.509564
current vp 800
current vp 800
